1.628000 -0.47 0.45 2.77 -0.44 -0.34 2.56 -0.62 0.15 2.74 -0.67 -0.06 2.68 -0.24 0.19 2.71 -0.14 -0.02 2.62 -0.69 -0.22 2.55 -0.16 -0.18 2.49 
1.660000 -0.47 0.45 2.77 -0.44 -0.34 2.56 -0.62 0.15 2.74 -0.67 -0.06 2.68 -0.24 0.19 2.71 -0.14 -0.02 2.62 -0.67 -0.23 2.56 -0.16 -0.18 2.49 
1.694000 -0.47 0.45 2.77 -0.44 -0.34 2.56 -0.62 0.15 2.74 -0.67 -0.07 2.68 -0.24 0.19 2.71 -0.14 -0.02 2.62 -0.67 -0.23 2.56 -0.16 -0.18 2.49 
1.727000 -0.47 0.45 2.77 -0.44 -0.34 2.56 -0.62 0.15 2.74 -0.67 -0.07 2.68 -0.24 0.19 2.71 -0.14 -0.02 2.62 -0.67 -0.23 2.56 -0.16 -0.18 2.49 
1.760000 -0.48 0.45 2.77 -0.44 -0.34 2.57 -0.62 0.15 2.75 -0.67 -0.07 2.69 -0.24 0.19 2.71 -0.14 -0.02 2.62 -0.67 -0.23 2.56 -0.16 -0.18 2.49 
1.795000 -0.48 0.45 2.76 -0.44 -0.34 2.57 -0.62 0.15 2.75 -0.67 -0.07 2.69 -0.24 0.19 2.70 -0.14 -0.02 2.62 -0.67 -0.23 2.57 -0.16 -0.18 2.49 
1.827000 -0.48 0.45 2.76 -0.44 -0.34 2.57 -0.62 0.15 2.75 -0.67 -0.07 2.69 -0.24 0.20 2.70 -0.14 -0.01 2.62 -0.67 -0.24 2.57 -0.16 -0.18 2.50 
1.860000 -0.48 0.45 2.76 -0.44 -0.34 2.58 -0.62 0.15 2.76 -0.67 -0.07 2.70 -0.24 0.20 2.70 -0.14 -0.01 2.62 -0.66 -0.23 2.58 -0.16 -0.18 2.50 
1.927000 -0.48 0.45 2.76 -0.44 -0.34 2.58 -0.62 0.15 2.76 -0.67 -0.07 2.71 -0.24 0.20 2.70 -0.14 -0.01 2.62 -0.66 -0.23 2.58 -0.16 -0.18 2.50 
1.960000 -0.48 0.45 2.76 -0.44 -0.35 2.59 -0.62 0.15 2.76 -0.67 -0.07 2.71 -0.25 0.20 2.70 -0.14 -0.01 2.61 -0.66 -0.23 2.59 -0.16 -0.18 2.50 
1.994000 -0.48 0.45 2.76 -0.43 -0.35 2.59 -0.62 0.15 2.76 -0.67 -0.07 2.71 -0.24 0.20 2.70 -0.14 -0.01 2.61 -0.66 -0.23 2.59 -0.16 -0.18 2.50 
2.027000 -0.49 0.45 2.76 -0.43 -0.35 2.60 -0.62 0.15 2.76 -0.66 -0.07 2.71 -0.24 0.20 2.70 -0.14 -0.01 2.62 -0.66 -0.24 2.60 -0.15 -0.19 2.51 
2.060000 -0.49 0.45 2.75 -0.43 -0.35 2.60 -0.62 0.15 2.76 -0.66 -0.07 2.71 -0.24 0.20 2.70 -0.14 -0.01 2.62 -0.66 -0.24 2.60 -0.15 -0.19 2.51 
2.096000 -0.49 0.45 2.75 -0.43 -0.35 2.60 -0.62 0.15 2.76 -0.66 -0.07 2.71 -0.24 0.20 2.70 -0.14 -0.01 2.62 -0.66 -0.24 2.60 -0.15 -0.19 2.51 
2.128000 -0.49 0.44 2.75 -0.43 -0.35 2.61 -0.62 0.15 2.76 -0.66 -0.07 2.71 -0.24 0.20 2.70 -0.14 -0.01 2.62 -0.66 -0.24 2.60 -0.15 -0.19 2.52 
2.160000 -0.48 0.44 2.74 -0.43 -0.35 2.61 -0.62 0.15 2.76 -0.66 -0.07 2.71 -0.24 0.20 2.70 -0.14 -0.01 2.62 -0.66 -0.24 2.60 -0.15 -0.19 2.52 
2.194000 -0.48 0.44 2.74 -0.43 -0.35 2.61 -0.62 0.15 2.76 -0.66 -0.07 2.71 -0.24 0.20 2.70 -0.14 -0.01 2.63 -0.66 -0.24 2.60 -0.15 -0.19 2.53 
2.227000 -0.48 0.44 2.74 -0.42 -0.35 2.61 -0.62 0.15 2.76 -0.66 -0.07 2.71 -0.24 0.20 2.70 -0.13 -0.01 2.63 -0.66 -0.24 2.60 -0.15 -0.19 2.53 
2.260000 -0.48 0.44 2.74 -0.42 -0.35 2.61 -0.62 0.15 2.75 -0.66 -0.06 2.71 -0.24 0.20 2.70 -0.13 -0.01 2.63 -0.66 -0.24 2.60 -0.15 -0.19 2.53 
2.295000 -0.48 0.44 2.74 -0.42 -0.35 2.62 -0.62 0.15 2.75 -0.66 -0.06 2.71 -0.24 0.21 2.71 -0.13 -0.01 2.63 -0.66 -0.24 2.60 -0.15 -0.19 2.54 
2.328000 -0.48 0.44 2.74 -0.42 -0.35 2.62 -0.62 0.15 2.75 -0.66 -0.06 2.71 -0.24 0.21 2.71 -0.13 -0.01 2.63 -0.66 -0.23 2.60 -0.14 -0.19 2.54 
2.360000 -0.48 0.44 2.74 -0.42 -0.35 2.62 -0.62 0.15 2.75 -0.66 -0.06 2.71 -0.24 0.21 2.71 -0.13 -0.01 2.64 -0.66 -0.23 2.60 -0.14 -0.19 2.54 
2.395000 -0.48 0.44 2.74 -0.42 -0.35 2.62 -0.62 0.15 2.75 -0.66 -0.06 2.71 -0.24 0.21 2.71 -0.13 -0.01 2.64 -0.65 -0.23 2.60 -0.14 -0.19 2.54 
2.427000 -0.48 0.44 2.74 -0.42 -0.35 2.62 -0.62 0.15 2.75 -0.66 -0.06 2.71 -0.24 0.21 2.71 -0.13 -0.01 2.64 -0.65 -0.23 2.60 -0.14 -0.19 2.55 
2.460000 -0.48 0.44 2.74 -0.42 -0.35 2.62 -0.62 0.15 2.75 -0.66 -0.06 2.71 -0.24 0.21 2.71 -0.13 -0.01 2.64 -0.65 -0.23 2.60 -0.14 -0.19 2.55 
2.528000 -0.48 0.44 2.74 -0.42 -0.35 2.62 -0.62 0.15 2.75 -0.66 -0.06 2.71 -0.24 0.21 2.72 -0.13 -0.02 2.65 -0.65 -0.23 2.60 -0.14 -0.19 2.55 
2.560000 -0.47 0.44 2.74 -0.42 -0.35 2.62 -0.62 0.15 2.75 -0.66 -0.06 2.70 -0.23 0.21 2.72 -0.13 -0.02 2.65 -0.65 -0.23 2.60 -0.14 -0.19 2.55 
2.627000 -0.47 0.44 2.74 -0.42 -0.35 2.62 -0.61 0.16 2.75 -0.66 -0.06 2.70 -0.23 0.21 2.72 -0.13 -0.02 2.65 -0.65 -0.23 2.59 -0.14 -0.20 2.55 
2.660000 -0.47 0.44 2.74 -0.42 -0.35 2.62 -0.61 0.16 2.74 -0.66 -0.06 2.70 -0.23 0.21 2.72 -0.13 -0.02 2.65 -0.65 -0.23 2.59 -0.14 -0.20 2.55 
2.695000 -0.47 0.44 2.74 -0.42 -0.35 2.62 -0.61 0.16 2.74 -0.66 -0.06 2.70 -0.23 0.21 2.72 -0.13 -0.02 2.66 -0.65 -0.23 2.59 -0.14 -0.20 2.55 
2.728000 -0.47 0.45 2.74 -0.41 -0.35 2.62 -0.61 0.16 2.74 -0.66 -0.06 2.70 -0.23 0.21 2.73 -0.12 -0.02 2.66 -0.65 -0.23 2.59 -0.14 -0.20 2.55 
2.761000 -0.46 0.45 2.74 -0.41 -0.35 2.62 -0.61 0.16 2.74 -0.66 -0.06 2.70 -0.23 0.21 2.73 -0.12 -0.02 2.66 -0.65 -0.23 2.59 -0.14 -0.20 2.55 
2.861000 -0.46 0.45 2.75 -0.41 -0.35 2.62 -0.61 0.16 2.74 -0.66 -0.06 2.70 -0.23 0.20 2.73 -0.12 -0.02 2.66 -0.65 -0.23 2.59 -0.14 -0.20 2.55 
2.895000 -0.46 0.45 2.75 -0.41 -0.35 2.62 -0.61 0.16 2.74 -0.66 -0.06 2.70 -0.23 0.20 2.73 -0.12 -0.02 2.66 -0.65 -0.23 2.59 -0.14 -0.20 2.55 
2.928000 -0.46 0.45 2.75 -0.41 -0.35 2.62 -0.61 0.16 2.74 -0.66 -0.06 2.70 -0.23 0.20 2.73 -0.12 -0.02 2.66 -0.65 -0.23 2.59 -0.14 -0.20 2.56 
2.962000 -0.46 0.45 2.75 -0.41 -0.35 2.62 -0.61 0.16 2.74 -0.66 -0.06 2.70 -0.23 0.20 2.73 -0.12 -0.03 2.66 -0.65 -0.23 2.59 -0.14 -0.20 2.56 
2.994000 -0.46 0.45 2.75 -0.41 -0.35 2.62 -0.61 0.16 2.74 -0.66 -0.06 2.70 -0.23 0.20 2.73 -0.12 -0.03 2.66 -0.65 -0.23 2.59 -0.14 -0.20 2.56 
3.032000 -0.46 0.45 2.75 -0.41 -0.35 2.62 -0.61 0.16 2.74 -0.66 -0.06 2.70 -0.23 0.20 2.73 -0.12 -0.03 2.66 -0.65 -0.23 2.59 -0.14 -0.20 2.56 
3.065000 -0.46 0.45 2.75 -0.41 -0.35 2.62 -0.61 0.16 2.74 -0.66 -0.06 2.70 -0.23 0.20 2.73 -0.12 -0.02 2.66 -0.65 -0.23 2.59 -0.14 -0.20 2.56 
3.128000 -0.46 0.44 2.75 -0.41 -0.35 2.62 -0.61 0.16 2.74 -0.66 -0.06 2.70 -0.23 0.20 2.73 -0.12 -0.02 2.66 -0.65 -0.23 2.59 -0.14 -0.20 2.56 
3.165000 -0.46 0.45 2.75 -0.41 -0.35 2.62 -0.61 0.16 2.74 -0.66 -0.06 2.70 -0.22 0.20 2.73 -0.12 -0.02 2.67 -0.65 -0.23 2.59 -0.14 -0.20 2.56 
3.232000 -0.46 0.45 2.75 -0.41 -0.35 2.62 -0.61 0.16 2.74 -0.66 -0.06 2.70 -0.22 0.20 2.73 -0.12 -0.02 2.67 -0.65 -0.23 2.59 -0.14 -0.20 2.56 
3.261000 -0.45 0.45 2.75 -0.41 -0.35 2.62 -0.61 0.16 2.74 -0.66 -0.06 2.70 -0.22 0.20 2.74 -0.13 -0.02 2.67 -0.65 -0.23 2.59 -0.14 -0.20 2.56 
3.295000 -0.45 0.45 2.76 -0.41 -0.35 2.62 -0.61 0.16 2.74 -0.66 -0.06 2.70 -0.22 0.20 2.74 -0.13 -0.02 2.67 -0.65 -0.23 2.59 -0.14 -0.20 2.56 
3.330000 -0.45 0.45 2.76 -0.42 -0.35 2.62 -0.61 0.16 2.74 -0.66 -0.06 2.70 -0.22 0.20 2.74 -0.13 -0.02 2.67 -0.65 -0.23 2.59 -0.14 -0.20 2.56 
3.363000 -0.45 0.45 2.76 -0.42 -0.35 2.62 -0.61 0.16 2.75 -0.66 -0.06 2.70 -0.22 0.20 2.74 -0.13 -0.03 2.67 -0.65 -0.23 2.59 -0.14 -0.20 2.56 
3.461000 -0.45 0.45 2.76 -0.42 -0.35 2.62 -0.60 0.16 2.75 -0.66 -0.06 2.70 -0.22 0.20 2.74 -0.13 -0.03 2.67 -0.65 -0.23 2.59 -0.14 -0.20 2.56 
3.495000 -0.45 0.45 2.76 -0.42 -0.35 2.62 -0.60 0.16 2.75 -0.66 -0.05 2.70 -0.22 0.19 2.74 -0.13 -0.03 2.68 -0.65 -0.23 2.59 -0.14 -0.20 2.56 
3.560000 -0.45 0.45 2.76 -0.42 -0.35 2.62 -0.60 0.16 2.75 -0.66 -0.05 2.70 -0.22 0.19 2.74 -0.13 -0.03 2.68 -0.66 -0.23 2.59 -0.14 -0.20 2.57 
3.595000 -0.44 0.45 2.76 -0.42 -0.35 2.62 -0.60 0.16 2.75 -0.66 -0.05 2.70 -0.22 0.19 2.75 -0.13 -0.03 2.68 -0.66 -0.23 2.59 -0.14 -0.20 2.57 
3.631000 -0.44 0.45 2.76 -0.42 -0.35 2.63 -0.60 0.16 2.75 -0.66 -0.05 2.70 -0.22 0.19 2.75 -0.13 -0.03 2.68 -0.66 -0.23 2.59 -0.14 -0.20 2.57 
3.660000 -0.44 0.45 2.76 -0.42 -0.35 2.63 -0.60 0.16 2.75 -0.66 -0.05 2.70 -0.22 0.19 2.75 -0.13 -0.03 2.68 -0.66 -0.23 2.59 -0.14 -0.20 2.57 
3.695000 -0.44 0.45 2.76 -0.42 -0.35 2.63 -0.60 0.16 2.75 -0.66 -0.05 2.70 -0.22 0.19 2.75 -0.13 -0.03 2.68 -0.66 -0.23 2.59 -0.14 -0.20 2.57 
3.727000 -0.44 0.45 2.76 -0.42 -0.35 2.63 -0.60 0.16 2.75 -0.66 -0.05 2.70 -0.22 0.19 2.75 -0.13 -0.03 2.68 -0.66 -0.23 2.59 -0.14 -0.20 2.57 
3.761000 -0.44 0.45 2.76 -0.42 -0.35 2.63 -0.60 0.16 2.75 -0.66 -0.05 2.70 -0.22 0.19 2.75 -0.13 -0.03 2.68 -0.66 -0.23 2.59 -0.14 -0.20 2.57 
3.795000 -0.44 0.45 2.76 -0.42 -0.35 2.63 -0.60 0.16 2.75 -0.66 -0.05 2.70 -0.22 0.19 2.75 -0.13 -0.03 2.68 -0.66 -0.23 2.59 -0.14 -0.20 2.57 
3.827000 -0.44 0.45 2.76 -0.42 -0.35 2.63 -0.60 0.16 2.75 -0.66 -0.05 2.70 -0.22 0.19 2.75 -0.13 -0.03 2.68 -0.66 -0.22 2.59 -0.14 -0.20 2.57 
3.860000 -0.44 0.45 2.76 -0.42 -0.35 2.63 -0.60 0.16 2.75 -0.66 -0.05 2.70 -0.22 0.19 2.75 -0.13 -0.03 2.68 -0.66 -0.22 2.59 -0.14 -0.20 2.57 
3.927000 -0.44 0.45 2.76 -0.42 -0.35 2.63 -0.60 0.16 2.75 -0.66 -0.05 2.70 -0.22 0.19 2.75 -0.13 -0.03 2.68 -0.66 -0.22 2.59 -0.14 -0.20 2.57 
4.060000 -0.44 0.45 2.76 -0.42 -0.35 2.63 -0.60 0.16 2.75 -0.66 -0.05 2.70 -0.22 0.19 2.75 -0.13 -0.03 2.68 -0.66 -0.22 2.59 -0.14 -0.20 2.57 
4.095000 -0.44 0.45 2.76 -0.42 -0.35 2.63 -0.60 0.16 2.75 -0.66 -0.05 2.70 -0.22 0.19 2.75 -0.13 -0.03 2.68 -0.66 -0.22 2.59 -0.14 -0.20 2.57 
4.128000 -0.44 0.45 2.76 -0.42 -0.35 2.63 -0.60 0.16 2.75 -0.66 -0.05 2.70 -0.22 0.19 2.75 -0.13 -0.03 2.68 -0.66 -0.22 2.59 -0.14 -0.20 2.57 
4.195000 -0.44 0.45 2.76 -0.42 -0.34 2.62 -0.60 0.16 2.75 -0.66 -0.05 2.70 -0.22 0.19 2.75 -0.13 -0.03 2.68 -0.66 -0.22 2.59 -0.14 -0.20 2.57 
4.228000 -0.44 0.45 2.77 -0.42 -0.34 2.62 -0.60 0.17 2.75 -0.67 -0.05 2.70 -0.22 0.19 2.75 -0.13 -0.03 2.68 -0.66 -0.22 2.59 -0.14 -0.20 2.57 
4.261000 -0.44 0.45 2.77 -0.42 -0.34 2.62 -0.60 0.17 2.75 -0.67 -0.03 2.70 -0.22 0.19 2.75 -0.13 -0.03 2.68 -0.66 -0.20 2.59 -0.14 -0.20 2.56 
4.295000 -0.44 0.46 2.77 -0.42 -0.34 2.62 -0.60 0.17 2.75 -0.68 -0.03 2.70 -0.22 0.19 2.75 -0.13 -0.03 2.68 -0.66 -0.19 2.58 -0.14 -0.20 2.56 
4.328000 -0.44 0.46 2.77 -0.42 -0.34 2.62 -0.60 0.17 2.74 -0.68 -0.02 2.70 -0.22 0.19 2.75 -0.13 -0.03 2.68 -0.67 -0.18 2.57 -0.14 -0.19 2.55 
4.361000 -0.44 0.46 2.78 -0.42 -0.34 2.62 -0.60 0.17 2.74 -0.69 -0.01 2.69 -0.22 0.19 2.75 -0.13 -0.03 2.67 -0.66 -0.17 2.56 -0.14 -0.18 2.53 
4.428000 -0.43 0.46 2.78 -0.42 -0.34 2.62 -0.60 0.17 2.74 -0.70 0.01 2.67 -0.22 0.19 2.75 -0.12 -0.02 2.66 -0.67 -0.15 2.52 -0.15 -0.17 2.48 
4.461000 -0.43 0.46 2.78 -0.42 -0.34 2.62 -0.60 0.18 2.74 -0.70 0.02 2.66 -0.22 0.19 2.75 -0.11 -0.00 2.64 -0.67 -0.14 2.50 -0.15 -0.16 2.48 
4.495000 -0.43 0.46 2.79 -0.42 -0.34 2.62 -0.60 0.18 2.74 -0.70 0.02 2.64 -0.22 0.19 2.75 -0.10 0.01 2.63 -0.67 -0.12 2.47 -0.14 -0.13 2.45 
4.528000 -0.43 0.46 2.80 -0.42 -0.34 2.61 -0.59 0.18 2.74 -0.72 0.00 2.57 -0.22 0.19 2.75 -0.10 0.02 2.60 -0.65 -0.13 2.42 -0.14 -0.11 2.42 
4.561000 -0.43 0.46 2.80 -0.42 -0.34 2.61 -0.59 0.18 2.74 -0.71 0.01 2.56 -0.22 0.19 2.75 -0.10 0.02 2.59 -0.65 -0.10 2.39 -0.13 -0.08 2.40 
4.661000 -0.43 0.46 2.81 -0.42 -0.34 2.61 -0.58 0.19 2.73 -0.66 0.09 2.49 -0.24 0.20 2.75 -0.11 0.09 2.52 -0.63 -0.01 2.31 -0.16 -0.01 2.27 
4.695000 -0.42 0.46 2.82 -0.42 -0.34 2.62 -0.58 0.19 2.73 -0.63 0.13 2.52 -0.25 0.22 2.77 -0.13 0.15 2.54 -0.62 0.04 2.33 -0.16 0.05 2.29 
4.761000 -0.42 0.46 2.83 -0.42 -0.34 2.62 -0.55 0.20 2.72 -0.61 0.16 2.44 -0.26 0.23 2.77 -0.15 0.14 2.52 -0.58 0.09 2.25 -0.16 0.08 2.28 
4.794000 -0.42 0.47 2.83 -0.42 -0.34 2.62 -0.55 0.21 2.72 -0.61 0.16 2.44 -0.26 0.24 2.78 -0.15 0.15 2.53 -0.58 0.12 2.23 -0.17 0.14 2.27 
4.828000 -0.42 0.47 2.83 -0.42 -0.34 2.62 -0.55 0.21 2.72 -0.59 0.18 2.44 -0.26 0.24 2.78 -0.17 0.16 2.52 -0.56 0.15 2.23 -0.20 0.16 2.24 
4.860000 -0.42 0.47 2.84 -0.42 -0.34 2.62 -0.55 0.21 2.71 -0.58 0.12 2.46 -0.26 0.24 2.78 -0.17 0.17 2.52 -0.56 0.16 2.23 -0.19 0.18 2.27 
4.928000 -0.42 0.47 2.84 -0.42 -0.34 2.62 -0.54 0.21 2.71 -0.57 0.17 2.45 -0.26 0.24 2.78 -0.14 0.18 2.53 -0.51 0.23 2.22 -0.21 0.23 2.26 
4.961000 -0.41 0.48 2.84 -0.42 -0.34 2.61 -0.53 0.20 2.70 -0.57 0.18 2.45 -0.26 0.17 2.73 -0.17 0.20 2.46 -0.50 0.24 2.22 -0.21 0.25 2.26 
4.996000 -0.42 0.48 2.84 -0.43 -0.35 2.61 -0.53 0.20 2.70 -0.56 0.22 2.43 -0.25 0.10 2.68 -0.17 0.20 2.44 -0.49 0.27 2.21 -0.23 0.27 2.25 
5.028000 -0.42 0.49 2.84 -0.43 -0.36 2.61 -0.52 0.20 2.70 -0.56 0.22 2.43 -0.25 0.10 2.68 -0.17 0.21 2.44 -0.48 0.28 2.22 -0.24 0.29 2.25 
5.061000 -0.42 0.49 2.84 -0.43 -0.36 2.60 -0.52 0.19 2.69 -0.55 0.23 2.43 -0.25 0.10 2.68 -0.18 0.22 2.45 -0.46 0.31 2.20 -0.25 0.30 2.25 
5.095000 -0.42 0.48 2.84 -0.43 -0.37 2.60 -0.52 0.18 2.69 -0.54 0.25 2.42 -0.25 0.10 2.68 -0.18 0.22 2.45 -0.46 0.32 2.20 -0.26 0.31 2.25 
5.129000 -0.39 0.48 2.85 -0.43 -0.37 2.60 -0.52 0.18 2.68 -0.53 0.26 2.41 -0.25 0.10 2.69 -0.18 0.22 2.45 -0.45 0.32 2.21 -0.29 0.32 2.25 
5.261000 -0.38 0.48 2.84 -0.43 -0.37 2.60 -0.52 0.18 2.68 -0.53 0.26 2.41 -0.25 0.11 2.69 -0.19 0.23 2.44 -0.42 0.33 2.20 -0.30 0.34 2.23 
5.295000 -0.38 0.47 2.84 -0.43 -0.37 2.60 -0.52 0.18 2.68 -0.53 0.26 2.41 -0.25 0.11 2.69 -0.19 0.24 2.45 -0.43 0.33 2.21 -0.30 0.33 2.24 
5.328000 -0.38 0.47 2.84 -0.43 -0.37 2.60 -0.52 0.18 2.68 -0.51 0.26 2.41 -0.25 0.11 2.69 -0.19 0.23 2.45 -0.43 0.33 2.20 -0.32 0.32 2.25 
5.361000 -0.38 0.47 2.84 -0.43 -0.37 2.60 -0.52 0.18 2.68 -0.52 0.26 2.41 -0.25 0.11 2.69 -0.19 0.23 2.44 -0.43 0.33 2.20 -0.32 0.32 2.25 
5.395000 -0.38 0.46 2.84 -0.43 -0.37 2.60 -0.52 0.18 2.68 -0.52 0.26 2.41 -0.25 0.11 2.69 -0.19 0.23 2.45 -0.44 0.33 2.21 -0.32 0.32 2.25 
5.428000 -0.38 0.46 2.84 -0.43 -0.37 2.59 -0.52 0.18 2.68 -0.52 0.26 2.41 -0.25 0.11 2.69 -0.19 0.23 2.45 -0.44 0.33 2.21 -0.32 0.32 2.25 
5.461000 -0.38 0.46 2.84 -0.43 -0.37 2.59 -0.52 0.18 2.68 -0.53 0.26 2.43 -0.25 0.11 2.69 -0.18 0.23 2.45 -0.48 0.31 2.29 -0.31 0.32 2.25 
5.528000 -0.38 0.46 2.84 -0.43 -0.37 2.59 -0.52 0.18 2.68 -0.51 0.27 2.41 -0.25 0.11 2.69 -0.18 0.23 2.45 -0.48 0.31 2.29 -0.29 0.33 2.24 
5.561000 -0.37 0.46 2.84 -0.43 -0.37 2.59 -0.52 0.18 2.68 -0.52 0.26 2.44 -0.25 0.11 2.69 -0.19 0.23 2.45 -0.42 0.34 2.21 -0.29 0.33 2.24 
5.629000 -0.37 0.46 2.84 -0.43 -0.37 2.59 -0.52 0.18 2.68 -0.50 0.28 2.42 -0.25 0.11 2.69 -0.19 0.24 2.45 -0.42 0.34 2.21 -0.29 0.34 2.24 
5.695000 -0.37 0.46 2.84 -0.42 -0.37 2.59 -0.52 0.18 2.68 -0.51 0.27 2.44 -0.25 0.11 2.69 -0.19 0.24 2.44 -0.42 0.34 2.21 -0.30 0.34 2.24 
5.729000 -0.38 0.46 2.84 -0.42 -0.36 2.59 -0.52 0.18 2.68 -0.51 0.28 2.41 -0.25 0.11 2.69 -0.18 0.24 2.44 -0.43 0.35 2.21 -0.30 0.33 2.25 
5.761000 -0.38 0.47 2.84 -0.42 -0.36 2.59 -0.52 0.18 2.68 -0.51 0.28 2.41 -0.25 0.11 2.69 -0.18 0.24 2.45 -0.43 0.35 2.21 -0.27 0.34 2.26 
5.795000 -0.39 0.47 2.84 -0.42 -0.36 2.59 -0.52 0.18 2.68 -0.54 0.27 2.44 -0.25 0.11 2.69 -0.17 0.24 2.45 -0.47 0.34 2.25 -0.26 0.34 2.26 
5.861000 -0.40 0.47 2.82 -0.42 -0.35 2.60 -0.51 0.19 2.69 -0.54 0.27 2.44 -0.23 0.13 2.71 -0.17 0.24 2.46 -0.52 0.37 2.22 -0.20 0.34 2.27 
6.028000 -0.40 0.47 2.83 -0.42 -0.33 2.60 -0.53 0.21 2.70 -0.63 0.27 2.46 -0.23 0.18 2.73 -0.10 0.25 2.48 -0.67 0.36 2.28 -0.08 0.36 2.25 
6.060000 -0.39 0.47 2.83 -0.42 -0.33 2.61 -0.54 0.22 2.70 -0.64 0.28 2.47 -0.23 0.18 2.73 -0.10 0.25 2.49 -0.70 0.37 2.26 -0.05 0.33 2.30 
6.128000 -0.39 0.47 2.83 -0.41 -0.33 2.61 -0.54 0.22 2.70 -0.68 0.28 2.49 -0.22 0.18 2.73 -0.07 0.24 2.50 -0.76 0.35 2.32 -0.00 0.32 2.32 
6.160000 -0.39 0.47 2.83 -0.41 -0.32 2.61 -0.55 0.22 2.71 -0.70 0.28 2.50 -0.22 0.18 2.73 -0.07 0.25 2.50 -0.79 0.35 2.33 0.02 0.32 2.33 
6.232000 -0.39 0.48 2.82 -0.41 -0.32 2.61 -0.56 0.22 2.71 -0.75 0.27 2.52 -0.21 0.19 2.74 -0.02 0.24 2.54 -0.86 0.34 2.36 0.09 0.31 2.37 
6.268000 -0.39 0.48 2.82 -0.41 -0.32 2.61 -0.57 0.23 2.71 -0.75 0.27 2.53 -0.21 0.19 2.74 -0.01 0.24 2.55 -0.88 0.33 2.38 0.11 0.30 2.39 
6.295000 -0.39 0.48 2.82 -0.41 -0.32 2.61 -0.57 0.23 2.71 -0.77 0.27 2.55 -0.20 0.19 2.74 -0.01 0.24 2.56 -0.92 0.32 2.41 0.15 0.29 2.41 
6.327000 -0.39 0.48 2.81 -0.41 -0.32 2.61 -0.57 0.23 2.71 -0.78 0.26 2.56 -0.20 0.19 2.74 0.03 0.23 2.59 -0.94 0.31 2.44 0.17 0.28 2.43 
6.360000 -0.39 0.48 2.81 -0.41 -0.31 2.61 -0.58 0.23 2.71 -0.80 0.26 2.57 -0.20 0.20 2.74 0.03 0.22 2.60 -0.98 0.31 2.46 0.19 0.27 2.47 
6.461000 -0.39 0.49 2.79 -0.41 -0.31 2.61 -0.59 0.23 2.72 -0.84 0.24 2.64 -0.20 0.20 2.74 0.06 0.20 2.66 -1.05 0.30 2.49 0.25 0.25 2.50 
6.495000 -0.39 0.49 2.78 -0.41 -0.31 2.61 -0.60 0.23 2.72 -0.84 0.24 2.65 -0.19 0.20 2.74 0.06 0.19 2.67 -1.04 0.26 2.59 0.26 0.21 2.60 
6.562000 -0.40 0.49 2.77 -0.41 -0.31 2.61 -0.60 0.23 2.72 -0.85 0.22 2.68 -0.19 0.20 2.74 0.06 0.18 2.72 -1.07 0.24 2.64 0.27 0.19 2.66 
6.594000 -0.40 0.49 2.76 -0.41 -0.31 2.61 -0.61 0.23 2.72 -0.86 0.22 2.69 -0.19 0.21 2.74 0.06 0.18 2.72 -1.07 0.23 2.66 0.27 0.18 2.68 
6.627000 -0.40 0.49 2.76 -0.42 -0.31 2.61 -0.61 0.23 2.72 -0.86 0.21 2.70 -0.20 0.21 2.74 0.06 0.18 2.73 -1.09 0.21 2.70 0.25 0.17 2.73 
6.660000 -0.40 0.49 2.75 -0.42 -0.31 2.61 -0.61 0.23 2.72 -0.86 0.21 2.72 -0.20 0.21 2.74 0.06 0.18 2.74 -1.09 0.21 2.71 0.25 0.17 2.74 
6.695000 -0.40 0.49 2.75 -0.42 -0.31 2.61 -0.61 0.23 2.72 -0.87 0.21 2.72 -0.20 0.21 2.74 0.05 0.17 2.75 -1.09 0.21 2.73 0.25 0.16 2.76 
6.727000 -0.40 0.49 2.74 -0.42 -0.30 2.61 -0.61 0.23 2.72 -0.87 0.20 2.73 -0.20 0.22 2.74 0.05 0.17 2.76 -1.08 0.20 2.74 0.25 0.15 2.78 
6.760000 -0.40 0.49 2.74 -0.42 -0.30 2.60 -0.61 0.23 2.72 -0.87 0.20 2.74 -0.20 0.22 2.74 0.05 0.17 2.77 -1.07 0.20 2.75 0.25 0.15 2.79 
6.828000 -0.40 0.49 2.74 -0.42 -0.30 2.60 -0.62 0.23 2.72 -0.87 0.19 2.75 -0.20 0.22 2.74 0.05 0.17 2.78 -1.08 0.19 2.76 0.24 0.15 2.80 
6.862000 -0.40 0.49 2.73 -0.42 -0.30 2.60 -0.62 0.23 2.72 -0.88 0.19 2.75 -0.20 0.22 2.74 0.04 0.17 2.78 -1.07 0.19 2.77 0.24 0.15 2.80 
6.894000 -0.40 0.49 2.73 -0.42 -0.30 2.60 -0.62 0.23 2.72 -0.88 0.19 2.75 -0.20 0.22 2.74 0.04 0.17 2.78 -1.07 0.19 2.76 0.24 0.15 2.80 
6.927000 -0.40 0.49 2.73 -0.42 -0.30 2.60 -0.62 0.23 2.72 -0.88 0.19 2.75 -0.20 0.22 2.74 0.04 0.17 2.78 -1.08 0.18 2.76 0.24 0.15 2.80 
6.960000 -0.40 0.49 2.73 -0.42 -0.30 2.60 -0.62 0.22 2.72 -0.88 0.19 2.75 -0.20 0.22 2.75 0.04 0.17 2.78 -1.08 0.18 2.75 0.24 0.15 2.79 
7.061000 -0.40 0.49 2.74 -0.42 -0.30 2.60 -0.62 0.22 2.72 -0.86 0.19 2.70 -0.20 0.22 2.75 0.04 0.17 2.75 -1.08 0.19 2.67 0.24 0.16 2.72 
7.094000 -0.40 0.48 2.74 -0.42 -0.30 2.60 -0.62 0.22 2.72 -0.86 0.19 2.70 -0.20 0.22 2.75 0.04 0.17 2.74 -1.07 0.19 2.64 0.26 0.16 2.69 
7.127000 -0.40 0.48 2.74 -0.42 -0.30 2.60 -0.62 0.22 2.72 -0.85 0.19 2.68 -0.20 0.22 2.75 0.04 0.17 2.72 -1.06 0.20 2.60 0.26 0.16 2.67 
7.160000 -0.40 0.48 2.74 -0.42 -0.30 2.60 -0.62 0.22 2.73 -0.84 0.19 2.67 -0.21 0.21 2.75 0.04 0.17 2.70 -1.05 0.21 2.57 0.25 0.17 2.62 
7.195000 -0.40 0.48 2.75 -0.42 -0.30 2.60 -0.62 0.22 2.73 -0.84 0.20 2.65 -0.21 0.21 2.75 0.04 0.17 2.68 -1.03 0.22 2.53 0.23 0.18 2.59 
7.227000 -0.40 0.47 2.75 -0.42 -0.30 2.60 -0.62 0.22 2.73 -0.84 0.20 2.62 -0.21 0.21 2.75 0.03 0.17 2.67 -1.01 0.23 2.49 0.21 0.19 2.56 
7.261000 -0.40 0.47 2.75 -0.42 -0.31 2.60 -0.62 0.22 2.73 -0.82 0.20 2.61 -0.21 0.21 2.75 0.02 0.18 2.64 -0.99 0.23 2.46 0.20 0.20 2.51 
7.295000 -0.40 0.47 2.76 -0.42 -0.31 2.60 -0.61 0.22 2.73 -0.80 0.21 2.59 -0.21 0.20 2.75 0.01 0.18 2.62 -0.96 0.24 2.42 0.18 0.20 2.48 
7.327000 -0.40 0.47 2.76 -0.42 -0.31 2.60 -0.61 0.22 2.72 -0.79 0.22 2.57 -0.21 0.20 2.75 -0.00 0.18 2.61 -0.92 0.25 2.39 0.15 0.22 2.45 
7.360000 -0.40 0.47 2.77 -0.42 -0.31 2.60 -0.60 0.22 2.72 -0.77 0.22 2.55 -0.22 0.20 2.75 -0.02 0.19 2.59 -0.89 0.26 2.36 0.13 0.23 2.42 
7.395000 -0.40 0.47 2.77 -0.42 -0.31 2.61 -0.60 0.22 2.72 -0.76 0.22 2.53 -0.22 0.20 2.75 -0.03 0.19 2.57 -0.85 0.26 2.35 0.10 0.23 2.40 
7.427000 -0.40 0.47 2.77 -0.43 -0.31 2.61 -0.60 0.22 2.72 -0.74 0.23 2.52 -0.22 0.19 2.75 -0.04 0.20 2.55 -0.82 0.27 2.31 0.06 0.25 2.37 
7.461000 -0.40 0.46 2.77 -0.43 -0.32 2.61 -0.60 0.22 2.72 -0.72 0.23 2.50 -0.22 0.19 2.75 -0.06 0.21 2.54 -0.78 0.28 2.30 0.04 0.25 2.35 
7.495000 -0.40 0.46 2.77 -0.43 -0.32 2.61 -0.59 0.22 2.72 -0.70 0.23 2.48 -0.23 0.19 2.75 -0.07 0.21 2.52 -0.75 0.29 2.28 0.00 0.25 2.32 
7.527000 -0.40 0.46 2.77 -0.43 -0.32 2.62 -0.58 0.22 2.71 -0.68 0.24 2.48 -0.22 0.19 2.75 -0.08 0.21 2.50 -0.70 0.29 2.27 -0.03 0.26 2.29 
7.561000 -0.40 0.46 2.77 -0.43 -0.32 2.62 -0.58 0.22 2.71 -0.66 0.23 2.47 -0.23 0.19 2.74 -0.09 0.20 2.50 -0.67 0.29 2.26 -0.06 0.26 2.30 
7.595000 -0.40 0.46 2.78 -0.43 -0.32 2.62 -0.57 0.21 2.70 -0.64 0.23 2.46 -0.25 0.18 2.73 -0.10 0.20 2.49 -0.64 0.29 2.26 -0.08 0.27 2.29 
7.628000 -0.40 0.46 2.78 -0.43 -0.33 2.62 -0.56 0.21 2.70 -0.63 0.22 2.46 -0.25 0.17 2.73 -0.12 0.21 2.48 -0.60 0.29 2.25 -0.11 0.27 2.28 
7.660000 -0.40 0.46 2.78 -0.43 -0.33 2.62 -0.56 0.21 2.70 -0.60 0.24 2.43 -0.26 0.18 2.73 -0.13 0.21 2.47 -0.57 0.30 2.23 -0.15 0.28 2.27 
7.695000 -0.40 0.46 2.78 -0.43 -0.33 2.63 -0.55 0.21 2.70 -0.60 0.24 2.42 -0.26 0.18 2.71 -0.14 0.22 2.46 -0.54 0.30 2.23 -0.18 0.28 2.27 
7.727000 -0.40 0.46 2.77 -0.43 -0.33 2.63 -0.55 0.21 2.70 -0.59 0.24 2.43 -0.26 0.16 2.72 -0.16 0.22 2.46 -0.52 0.30 2.24 -0.21 0.29 2.27 
7.761000 -0.40 0.46 2.77 -0.43 -0.34 2.63 -0.53 0.22 2.70 -0.58 0.24 2.43 -0.27 0.14 2.72 -0.17 0.22 2.47 -0.50 0.30 2.25 -0.23 0.29 2.27 
7.796000 -0.39 0.47 2.76 -0.43 -0.35 2.63 -0.55 0.18 2.69 -0.57 0.25 2.43 -0.27 0.14 2.72 -0.18 0.23 2.46 -0.44 0.32 2.24 -0.27 0.31 2.26 
7.828000 -0.39 0.47 2.76 -0.43 -0.35 2.63 -0.55 0.18 2.69 -0.54 0.26 2.41 -0.27 0.14 2.72 -0.19 0.23 2.46 -0.43 0.32 2.23 -0.33 0.31 2.28 
7.861000 -0.39 0.46 2.76 -0.43 -0.36 2.63 -0.55 0.17 2.69 -0.54 0.26 2.42 -0.27 0.14 2.72 -0.20 0.23 2.46 -0.44 0.32 2.23 -0.33 0.31 2.28 
7.895000 -0.39 0.46 2.76 -0.43 -0.36 2.63 -0.55 0.17 2.69 -0.54 0.26 2.42 -0.27 0.14 2.72 -0.20 0.23 2.46 -0.43 0.32 2.23 -0.31 0.31 2.27 
7.928000 -0.39 0.46 2.76 -0.43 -0.36 2.62 -0.55 0.17 2.68 -0.53 0.26 2.42 -0.27 0.14 2.72 -0.20 0.23 2.46 -0.42 0.33 2.22 -0.30 0.31 2.27 
7.961000 -0.39 0.46 2.76 -0.43 -0.36 2.62 -0.55 0.17 2.69 -0.54 0.26 2.42 -0.27 0.14 2.72 -0.20 0.23 2.46 -0.43 0.32 2.23 -0.29 0.33 2.23 
7.996000 -0.39 0.46 2.76 -0.43 -0.36 2.62 -0.55 0.17 2.68 -0.54 0.26 2.42 -0.27 0.14 2.72 -0.19 0.23 2.47 -0.42 0.33 2.22 -0.25 0.31 2.28 
8.028000 -0.40 0.45 2.77 -0.43 -0.36 2.63 -0.55 0.17 2.68 -0.55 0.25 2.43 -0.27 0.14 2.72 -0.19 0.23 2.47 -0.44 0.31 2.25 -0.25 0.31 2.28 
8.061000 -0.40 0.45 2.77 -0.43 -0.36 2.63 -0.54 0.18 2.69 -0.55 0.25 2.43 -0.27 0.14 2.72 -0.18 0.23 2.47 -0.48 0.31 2.25 -0.23 0.31 2.28 
8.095000 -0.40 0.45 2.77 -0.43 -0.36 2.63 -0.52 0.20 2.70 -0.56 0.25 2.42 -0.26 0.14 2.73 -0.17 0.23 2.47 -0.48 0.31 2.24 -0.22 0.30 2.29 
8.128000 -0.40 0.45 2.77 -0.43 -0.35 2.63 -0.52 0.20 2.70 -0.56 0.25 2.42 -0.24 0.12 2.74 -0.17 0.22 2.49 -0.50 0.31 2.23 -0.19 0.30 2.29 
8.160000 -0.40 0.45 2.78 -0.43 -0.35 2.63 -0.52 0.20 2.70 -0.57 0.25 2.43 -0.24 0.13 2.76 -0.16 0.22 2.50 -0.53 0.32 2.23 -0.17 0.30 2.29 
8.264000 -0.39 0.45 2.78 -0.43 -0.34 2.63 -0.54 0.21 2.70 -0.61 0.24 2.46 -0.24 0.17 2.75 -0.12 0.21 2.52 -0.62 0.31 2.26 -0.08 0.29 2.32 
8.296000 -0.39 0.45 2.78 -0.43 -0.34 2.63 -0.54 0.21 2.71 -0.61 0.25 2.46 -0.24 0.17 2.75 -0.11 0.21 2.52 -0.64 0.31 2.27 -0.06 0.29 2.33 
8.328000 -0.39 0.45 2.78 -0.43 -0.34 2.63 -0.55 0.21 2.71 -0.63 0.25 2.47 -0.24 0.18 2.75 -0.09 0.21 2.52 -0.68 0.32 2.27 -0.03 0.28 2.33 
8.361000 -0.38 0.45 2.78 -0.43 -0.34 2.63 -0.55 0.22 2.71 -0.66 0.26 2.47 -0.23 0.18 2.76 -0.08 0.22 2.53 -0.71 0.32 2.28 0.00 0.28 2.35 
8.395000 -0.38 0.45 2.78 -0.43 -0.33 2.63 -0.56 0.22 2.72 -0.68 0.26 2.48 -0.23 0.19 2.77 -0.06 0.22 2.54 -0.74 0.31 2.29 0.03 0.28 2.36 
8.428000 -0.38 0.45 2.78 -0.42 -0.33 2.63 -0.56 0.22 2.72 -0.69 0.25 2.49 -0.22 0.19 2.77 -0.04 0.22 2.56 -0.78 0.31 2.31 0.06 0.27 2.38 
8.462000 -0.38 0.45 2.77 -0.42 -0.33 2.63 -0.56 0.22 2.72 -0.71 0.25 2.51 -0.22 0.19 2.77 -0.03 0.22 2.57 -0.80 0.31 2.32 0.09 0.26 2.41 
8.529000 -0.38 0.45 2.77 -0.42 -0.33 2.63 -0.57 0.22 2.72 -0.73 0.26 2.53 -0.22 0.19 2.77 -0.01 0.21 2.60 -0.87 0.31 2.36 0.15 0.25 2.46 
8.561000 -0.38 0.45 2.77 -0.42 -0.33 2.63 -0.58 0.22 2.72 -0.77 0.25 2.54 -0.21 0.19 2.77 0.00 0.21 2.61 -0.89 0.30 2.38 0.17 0.25 2.47 
8.661000 -0.38 0.45 2.76 -0.42 -0.32 2.63 -0.58 0.22 2.73 -0.80 0.24 2.60 -0.21 0.19 2.77 0.03 0.20 2.68 -0.96 0.30 2.41 0.22 0.24 2.50 
8.695000 -0.38 0.45 2.76 -0.42 -0.32 2.63 -0.59 0.22 2.73 -0.81 0.24 2.60 -0.20 0.19 2.77 0.05 0.19 2.69 -0.99 0.29 2.49 0.23 0.22 2.61 
8.729000 -0.38 0.45 2.75 -0.42 -0.32 2.63 -0.59 0.22 2.73 -0.82 0.24 2.62 -0.20 0.19 2.77 0.06 0.19 2.71 -1.00 0.29 2.51 0.25 0.21 2.63 
8.761000 -0.38 0.45 2.75 -0.42 -0.32 2.63 -0.59 0.22 2.73 -0.83 0.24 2.63 -0.20 0.20 2.77 0.06 0.18 2.72 -1.02 0.28 2.54 0.26 0.20 2.66 
8.828000 -0.38 0.45 2.74 -0.42 -0.32 2.63 -0.60 0.23 2.73 -0.84 0.24 2.66 -0.20 0.20 2.77 0.06 0.18 2.76 -1.04 0.27 2.61 0.28 0.19 2.73 
8.861000 -0.37 0.45 2.73 -0.42 -0.32 2.63 -0.60 0.23 2.73 -0.84 0.23 2.69 -0.20 0.20 2.77 0.06 0.17 2.77 -1.05 0.26 2.63 0.28 0.18 2.76 
8.895000 -0.37 0.45 2.73 -0.42 -0.32 2.63 -0.60 0.23 2.73 -0.85 0.23 2.70 -0.20 0.20 2.77 0.06 0.17 2.79 -1.04 0.25 2.67 0.27 0.17 2.79 
8.928000 -0.37 0.45 2.72 -0.42 -0.32 2.62 -0.60 0.23 2.73 -0.85 0.22 2.71 -0.20 0.20 2.77 0.06 0.17 2.80 -1.06 0.25 2.70 0.25 0.16 2.82 
8.961000 -0.37 0.45 2.72 -0.42 -0.31 2.62 -0.60 0.23 2.73 -0.86 0.22 2.73 -0.20 0.21 2.77 0.06 0.17 2.81 -1.05 0.23 2.72 0.25 0.15 2.84 
8.995000 -0.37 0.45 2.71 -0.42 -0.31 2.62 -0.60 0.23 2.73 -0.86 0.22 2.74 -0.20 0.21 2.77 0.06 0.16 2.82 -1.09 0.22 2.75 0.24 0.14 2.86 
9.028000 -0.37 0.45 2.71 -0.42 -0.31 2.62 -0.60 0.23 2.73 -0.87 0.22 2.75 -0.20 0.21 2.77 0.05 0.16 2.83 -1.09 0.22 2.75 0.27 0.12 2.90 
9.061000 -0.37 0.45 2.70 -0.42 -0.31 2.62 -0.61 0.23 2.74 -0.87 0.22 2.76 -0.20 0.21 2.78 0.05 0.16 2.84 -1.09 0.21 2.77 0.22 0.12 2.91 
9.128000 -0.37 0.45 2.70 -0.42 -0.31 2.62 -0.61 0.23 2.74 -0.86 0.21 2.76 -0.20 0.21 2.78 0.04 0.15 2.85 -1.09 0.21 2.78 0.28 0.11 2.94 
9.161000 -0.37 0.45 2.70 -0.42 -0.31 2.62 -0.61 0.23 2.74 -0.86 0.21 2.77 -0.20 0.21 2.78 0.04 0.15 2.86 -1.08 0.21 2.79 0.22 0.12 2.92 
9.228000 -0.37 0.45 2.70 -0.42 -0.31 2.62 -0.61 0.23 2.74 -0.86 0.21 2.77 -0.20 0.21 2.78 0.05 0.15 2.86 -1.08 0.21 2.78 0.22 0.12 2.92 
9.263000 -0.37 0.45 2.70 -0.42 -0.31 2.62 -0.61 0.23 2.74 -0.87 0.21 2.77 -0.20 0.21 2.78 0.05 0.15 2.86 -1.08 0.21 2.77 0.23 0.11 2.91 
9.329000 -0.37 0.45 2.70 -0.42 -0.31 2.62 -0.61 0.23 2.74 -0.87 0.20 2.75 -0.20 0.21 2.78 0.05 0.15 2.85 -1.10 0.20 2.71 0.24 0.11 2.86 
9.361000 -0.37 0.45 2.71 -0.42 -0.31 2.62 -0.61 0.23 2.74 -0.86 0.20 2.73 -0.20 0.21 2.79 0.04 0.15 2.84 -1.08 0.20 2.69 0.24 0.12 2.85 
9.462000 -0.37 0.45 2.73 -0.42 -0.31 2.62 -0.60 0.23 2.74 -0.84 0.19 2.68 -0.20 0.21 2.79 0.03 0.14 2.79 -1.04 0.20 2.59 0.22 0.12 2.75 
9.496000 -0.36 0.45 2.74 -0.42 -0.31 2.62 -0.60 0.23 2.74 -0.83 0.19 2.67 -0.20 0.20 2.80 0.03 0.14 2.78 -1.03 0.20 2.56 0.22 0.12 2.74 
9.563000 -0.36 0.45 2.76 -0.42 -0.31 2.63 -0.60 0.22 2.74 -0.80 0.18 2.63 -0.20 0.20 2.80 0.02 0.13 2.73 -0.99 0.20 2.48 0.21 0.13 2.66 
9.595000 -0.36 0.45 2.77 -0.42 -0.31 2.63 -0.59 0.22 2.74 -0.80 0.19 2.61 -0.20 0.20 2.80 0.02 0.13 2.73 -0.97 0.20 2.45 0.22 0.14 2.62 
9.628000 -0.36 0.45 2.77 -0.42 -0.32 2.63 -0.59 0.22 2.74 -0.79 0.19 2.60 -0.20 0.19 2.80 0.02 0.13 2.71 -0.93 0.20 2.42 0.20 0.14 2.58 
9.661000 -0.36 0.45 2.78 -0.42 -0.32 2.63 -0.59 0.22 2.74 -0.77 0.19 2.58 -0.20 0.19 2.80 0.01 0.14 2.69 -0.90 0.20 2.40 0.19 0.15 2.56 
9.729000 -0.36 0.45 2.79 -0.42 -0.32 2.63 -0.58 0.22 2.74 -0.73 0.19 2.55 -0.21 0.19 2.80 -0.02 0.14 2.64 -0.82 0.21 2.37 0.14 0.16 2.49 
9.761000 -0.36 0.45 2.80 -0.42 -0.32 2.64 -0.57 0.22 2.74 -0.72 0.19 2.54 -0.21 0.18 2.80 -0.02 0.14 2.63 -0.79 0.22 2.32 0.12 0.17 2.47 
9.861000 -0.35 0.46 2.82 -0.43 -0.32 2.64 -0.56 0.22 2.74 -0.66 0.20 2.48 -0.22 0.17 2.79 -0.07 0.16 2.58 -0.75 0.23 2.28 0.09 0.19 2.41 
9.896000 -0.35 0.46 2.83 -0.43 -0.32 2.64 -0.55 0.23 2.74 -0.65 0.20 2.48 -0.22 0.17 2.79 -0.07 0.16 2.56 -0.66 0.26 2.25 -0.01 0.22 2.37 
9.928000 -0.35 0.46 2.83 -0.43 -0.33 2.64 -0.55 0.23 2.73 -0.64 0.19 2.48 -0.23 0.15 2.79 -0.08 0.16 2.55 -0.62 0.24 2.28 -0.03 0.22 2.35 
9.962000 -0.35 0.46 2.84 -0.43 -0.33 2.65 -0.55 0.23 2.73 -0.61 0.20 2.48 -0.23 0.15 2.78 -0.10 0.17 2.53 -0.61 0.24 2.28 -0.01 0.22 2.35 
9.995000 -0.35 0.46 2.84 -0.43 -0.33 2.65 -0.54 0.23 2.73 -0.61 0.18 2.50 -0.23 0.15 2.78 -0.12 0.16 2.54 -0.57 0.24 2.28 -0.08 0.22 2.34 
10.060000 -0.35 0.46 2.85 -0.43 -0.33 2.65 -0.54 0.23 2.73 -0.59 0.18 2.51 -0.23 0.15 2.78 -0.12 0.17 2.53 -0.51 0.25 2.29 -0.11 0.24 2.33 
10.095000 -0.35 0.46 2.85 -0.43 -0.33 2.65 -0.54 0.22 2.73 -0.57 0.18 2.51 -0.23 0.15 2.78 -0.14 0.18 2.51 -0.46 0.27 2.26 -0.13 0.24 2.31 
10.129000 -0.35 0.46 2.85 -0.43 -0.34 2.65 -0.54 0.21 2.73 -0.55 0.23 2.44 -0.23 0.15 2.78 -0.14 0.18 2.51 -0.46 0.27 2.26 -0.15 0.25 2.31 
10.197000 -0.35 0.48 2.86 -0.43 -0.35 2.65 -0.54 0.16 2.72 -0.55 0.23 2.44 -0.23 0.15 2.78 -0.17 0.20 2.50 -0.40 0.29 2.25 -0.20 0.28 2.29 
10.229000 -0.35 0.48 2.86 -0.43 -0.35 2.65 -0.54 0.16 2.71 -0.52 0.24 2.44 -0.23 0.14 2.78 -0.17 0.20 2.51 -0.40 0.29 2.26 -0.20 0.28 2.29 
10.260000 -0.36 0.43 2.86 -0.43 -0.37 2.64 -0.54 0.13 2.70 -0.51 0.24 2.44 -0.24 0.08 2.77 -0.18 0.19 2.51 -0.36 0.29 2.26 -0.20 0.27 2.32 
10.328000 -0.36 0.44 2.86 -0.43 -0.37 2.64 -0.54 0.13 2.70 -0.51 0.24 2.44 -0.24 0.11 2.78 -0.18 0.20 2.51 -0.36 0.30 2.26 -0.25 0.29 2.30 
10.428000 -0.35 0.49 2.87 -0.43 -0.36 2.65 -0.54 0.14 2.71 -0.51 0.24 2.44 -0.23 0.13 2.78 -0.16 0.21 2.52 -0.42 0.31 2.26 -0.17 0.30 2.32 
10.460000 -0.35 0.48 2.88 -0.42 -0.36 2.65 -0.53 0.15 2.72 -0.53 0.24 2.45 -0.24 0.15 2.77 -0.15 0.21 2.51 -0.42 0.31 2.26 -0.16 0.30 2.33 
10.495000 -0.35 0.48 2.88 -0.42 -0.35 2.65 -0.53 0.16 2.73 -0.54 0.24 2.45 -0.24 0.15 2.76 -0.14 0.18 2.58 -0.43 0.31 2.25 -0.12 0.28 2.37 
10.529000 -0.35 0.47 2.88 -0.42 -0.35 2.65 -0.53 0.17 2.73 -0.55 0.24 2.45 -0.24 0.15 2.77 -0.11 0.20 2.53 -0.49 0.31 2.26 -0.11 0.29 2.34 
10.560000 -0.35 0.47 2.88 -0.42 -0.35 2.65 -0.53 0.17 2.73 -0.56 0.24 2.45 -0.24 0.15 2.77 -0.11 0.20 2.54 -0.51 0.31 2.26 -0.08 0.29 2.36 
10.594000 -0.35 0.47 2.88 -0.42 -0.35 2.65 -0.53 0.18 2.73 -0.59 0.24 2.46 -0.24 0.16 2.77 -0.11 0.20 2.56 -0.56 0.31 2.27 -0.05 0.29 2.38 
10.695000 -0.35 0.47 2.88 -0.42 -0.33 2.65 -0.54 0.24 2.74 -0.64 0.24 2.47 -0.22 0.17 2.81 -0.05 0.21 2.61 -0.61 0.32 2.26 0.01 0.28 2.40 
10.727000 -0.35 0.47 2.88 -0.42 -0.33 2.65 -0.54 0.24 2.74 -0.65 0.25 2.48 -0.22 0.17 2.82 -0.05 0.21 2.62 -0.70 0.31 2.29 0.08 0.26 2.46 
10.762000 -0.35 0.47 2.88 -0.42 -0.33 2.65 -0.54 0.24 2.74 -0.67 0.25 2.49 -0.22 0.17 2.81 -0.03 0.20 2.64 -0.73 0.32 2.30 0.10 0.26 2.48 
10.794000 -0.35 0.47 2.88 -0.42 -0.32 2.65 -0.54 0.24 2.74 -0.69 0.25 2.50 -0.21 0.18 2.82 -0.01 0.20 2.65 -0.76 0.32 2.31 0.13 0.25 2.51 
10.827000 -0.35 0.47 2.87 -0.42 -0.32 2.65 -0.55 0.24 2.74 -0.71 0.25 2.52 -0.21 0.18 2.82 0.03 0.19 2.67 -0.79 0.31 2.34 0.16 0.24 2.52 
10.862000 -0.35 0.47 2.87 -0.42 -0.32 2.65 -0.55 0.24 2.74 -0.73 0.24 2.53 -0.21 0.18 2.82 0.03 0.19 2.68 -0.83 0.30 2.36 0.19 0.23 2.56 
10.927000 -0.35 0.47 2.85 -0.42 -0.32 2.65 -0.55 0.24 2.74 -0.77 0.23 2.57 -0.21 0.18 2.82 0.03 0.17 2.73 -0.90 0.29 2.40 0.21 0.21 2.63 
10.960000 -0.35 0.47 2.85 -0.42 -0.32 2.65 -0.55 0.24 2.74 -0.78 0.23 2.58 -0.21 0.18 2.82 0.04 0.17 2.74 -0.93 0.29 2.42 0.23 0.20 2.65 
11.061000 -0.34 0.47 2.83 -0.41 -0.32 2.64 -0.56 0.24 2.73 -0.81 0.22 2.63 -0.20 0.19 2.82 0.06 0.16 2.80 -1.00 0.28 2.44 0.28 0.19 2.71 
11.095000 -0.34 0.48 2.82 -0.41 -0.32 2.64 -0.56 0.24 2.73 -0.82 0.22 2.64 -0.19 0.19 2.82 0.06 0.16 2.81 -1.03 0.25 2.54 0.26 0.17 2.80 
11.127000 -0.35 0.48 2.81 -0.41 -0.31 2.64 -0.57 0.24 2.73 -0.82 0.22 2.64 -0.19 0.19 2.82 0.05 0.16 2.83 -1.03 0.25 2.56 0.25 0.16 2.81 
11.160000 -0.35 0.48 2.80 -0.41 -0.31 2.64 -0.57 0.24 2.73 -0.83 0.22 2.67 -0.19 0.19 2.82 0.06 0.16 2.84 -1.05 0.24 2.60 0.25 0.15 2.86 
11.261000 -0.35 0.48 2.78 -0.41 -0.31 2.63 -0.58 0.24 2.73 -0.84 0.21 2.71 -0.19 0.20 2.82 0.04 0.15 2.89 -1.08 0.21 2.69 0.23 0.12 2.94 
11.295000 -0.35 0.48 2.78 -0.41 -0.31 2.63 -0.58 0.24 2.73 -0.84 0.21 2.72 -0.19 0.20 2.82 0.04 0.15 2.89 -1.07 0.21 2.71 0.23 0.12 2.94 
11.327000 -0.36 0.48 2.77 -0.41 -0.31 2.63 -0.58 0.23 2.73 -0.85 0.21 2.73 -0.19 0.20 2.82 0.04 0.15 2.89 -1.07 0.21 2.73 0.25 0.11 2.98 
11.360000 -0.36 0.48 2.77 -0.41 -0.31 2.63 -0.58 0.23 2.73 -0.85 0.21 2.74 -0.19 0.20 2.82 0.04 0.14 2.90 -1.08 0.21 2.74 0.21 0.11 2.98 
11.395000 -0.36 0.48 2.77 -0.41 -0.30 2.63 -0.59 0.23 2.73 -0.85 0.21 2.74 -0.19 0.20 2.82 0.03 0.13 2.90 -1.08 0.21 2.75 0.20 0.11 2.98 
11.428000 -0.36 0.48 2.77 -0.41 -0.30 2.63 -0.59 0.23 2.73 -0.85 0.22 2.74 -0.20 0.20 2.82 0.03 0.13 2.90 -1.08 0.21 2.76 0.20 0.11 2.98 
11.462000 -0.36 0.48 2.76 -0.41 -0.30 2.62 -0.59 0.23 2.73 -0.85 0.21 2.75 -0.20 0.20 2.81 0.03 0.13 2.90 -1.08 0.21 2.76 0.20 0.10 2.98 
11.527000 -0.37 0.48 2.76 -0.41 -0.30 2.62 -0.59 0.23 2.73 -0.85 0.21 2.75 -0.20 0.20 2.81 0.03 0.13 2.90 -1.08 0.21 2.75 0.20 0.09 2.96 
11.561000 -0.37 0.48 2.76 -0.41 -0.30 2.62 -0.59 0.23 2.73 -0.86 0.21 2.75 -0.20 0.20 2.81 0.03 0.12 2.89 -1.08 0.21 2.75 0.21 0.09 2.95 
11.629000 -0.37 0.48 2.77 -0.42 -0.30 2.62 -0.60 0.23 2.73 -0.86 0.21 2.74 -0.20 0.20 2.81 0.03 0.12 2.88 -1.08 0.21 2.70 0.22 0.08 2.91 
11.660000 -0.37 0.48 2.77 -0.42 -0.30 2.62 -0.60 0.23 2.74 -0.86 0.21 2.72 -0.20 0.20 2.81 0.04 0.11 2.86 -1.08 0.21 2.68 0.23 0.07 2.89 
11.694000 -0.37 0.48 2.78 -0.42 -0.30 2.62 -0.60 0.23 2.74 -0.85 0.20 2.71 -0.20 0.20 2.81 0.04 0.11 2.85 -1.05 0.21 2.65 0.23 0.08 2.86 
11.728000 -0.37 0.48 2.79 -0.42 -0.30 2.62 -0.59 0.23 2.74 -0.84 0.20 2.70 -0.20 0.20 2.81 0.04 0.11 2.84 -1.05 0.21 2.63 0.24 0.08 2.83 
11.761000 -0.37 0.47 2.79 -0.42 -0.30 2.62 -0.59 0.23 2.74 -0.84 0.20 2.69 -0.20 0.20 2.81 0.03 0.11 2.82 -1.05 0.21 2.60 0.23 0.08 2.80 
11.861000 -0.37 0.47 2.81 -0.42 -0.30 2.62 -0.59 0.22 2.74 -0.81 0.20 2.64 -0.20 0.20 2.81 0.02 0.11 2.76 -1.04 0.21 2.58 0.22 0.09 2.70 
11.928000 -0.37 0.47 2.83 -0.42 -0.31 2.62 -0.59 0.22 2.75 -0.79 0.21 2.61 -0.20 0.19 2.81 0.02 0.11 2.72 -0.95 0.23 2.46 0.21 0.11 2.62 
11.961000 -0.37 0.47 2.83 -0.42 -0.31 2.62 -0.59 0.23 2.75 -0.78 0.21 2.60 -0.20 0.19 2.81 0.02 0.12 2.70 -0.93 0.23 2.45 0.21 0.12 2.58 
11.995000 -0.37 0.47 2.84 -0.42 -0.31 2.62 -0.58 0.23 2.75 -0.77 0.21 2.58 -0.20 0.19 2.81 0.02 0.12 2.68 -0.90 0.24 2.42 0.18 0.13 2.55 
12.028000 -0.38 0.47 2.84 -0.42 -0.31 2.62 -0.58 0.23 2.75 -0.76 0.21 2.57 -0.20 0.18 2.81 0.01 0.12 2.66 -0.87 0.24 2.40 0.17 0.14 2.50 
12.060000 -0.38 0.47 2.85 -0.42 -0.31 2.62 -0.57 0.23 2.75 -0.74 0.21 2.55 -0.21 0.18 2.81 -0.00 0.13 2.64 -0.85 0.26 2.38 0.15 0.15 2.48 
12.128000 -0.38 0.47 2.85 -0.42 -0.31 2.63 -0.56 0.23 2.74 -0.70 0.22 2.53 -0.21 0.18 2.81 -0.03 0.15 2.59 -0.78 0.27 2.34 0.09 0.18 2.43 
12.161000 -0.38 0.47 2.86 -0.42 -0.31 2.63 -0.56 0.23 2.74 -0.70 0.22 2.52 -0.21 0.18 2.80 -0.04 0.15 2.59 -0.76 0.27 2.33 0.07 0.19 2.41 
12.196000 -0.38 0.47 2.86 -0.43 -0.31 2.63 -0.55 0.23 2.74 -0.68 0.23 2.49 -0.21 0.17 2.79 -0.06 0.16 2.57 -0.74 0.28 2.30 0.04 0.19 2.39 
12.228000 -0.38 0.47 2.86 -0.43 -0.32 2.63 -0.56 0.23 2.73 -0.66 0.23 2.48 -0.22 0.17 2.78 -0.07 0.16 2.56 -0.71 0.28 2.29 0.02 0.20 2.37 
12.261000 -0.38 0.47 2.86 -0.43 -0.32 2.63 -0.56 0.23 2.73 -0.64 0.23 2.48 -0.22 0.17 2.78 -0.07 0.17 2.55 -0.67 0.28 2.28 -0.01 0.22 2.35 
12.296000 -0.38 0.47 2.86 -0.43 -0.32 2.63 -0.56 0.23 2.73 -0.62 0.23 2.48 -0.22 0.17 2.78 -0.08 0.17 2.53 -0.64 0.29 2.28 -0.02 0.23 2.33 
12.328000 -0.38 0.47 2.86 -0.43 -0.32 2.63 -0.56 0.23 2.73 -0.61 0.23 2.47 -0.22 0.17 2.78 -0.09 0.18 2.52 -0.62 0.29 2.27 -0.04 0.23 2.33 
12.361000 -0.38 0.47 2.86 -0.43 -0.32 2.63 -0.55 0.23 2.73 -0.60 0.23 2.45 -0.23 0.17 2.76 -0.11 0.17 2.51 -0.59 0.29 2.25 -0.06 0.24 2.32 
12.462000 -0.39 0.47 2.86 -0.43 -0.33 2.63 -0.50 0.21 2.69 -0.57 0.24 2.43 -0.24 0.13 2.74 -0.12 0.19 2.49 -0.50 0.30 2.24 -0.13 0.27 2.29 
12.496000 -0.39 0.47 2.86 -0.43 -0.33 2.63 -0.51 0.20 2.70 -0.56 0.24 2.44 -0.24 0.13 2.75 -0.13 0.19 2.49 -0.50 0.30 2.25 -0.14 0.27 2.29 
12.528000 -0.39 0.48 2.86 -0.43 -0.34 2.63 -0.51 0.20 2.70 -0.55 0.24 2.43 -0.24 0.13 2.75 -0.14 0.20 2.49 -0.50 0.29 2.29 -0.15 0.27 2.30 
12.560000 -0.40 0.48 2.86 -0.43 -0.34 2.63 -0.51 0.18 2.69 -0.54 0.24 2.43 -0.24 0.13 2.74 -0.15 0.20 2.49 -0.44 0.31 2.22 -0.17 0.28 2.29 
12.628000 -0.40 0.48 2.85 -0.43 -0.34 2.63 -0.51 0.18 2.69 -0.52 0.25 2.42 -0.24 0.13 2.74 -0.16 0.21 2.48 -0.43 0.31 2.24 -0.20 0.29 2.29 
12.661000 -0.41 0.49 2.85 -0.43 -0.35 2.62 -0.51 0.18 2.69 -0.51 0.25 2.42 -0.25 0.13 2.74 -0.16 0.21 2.48 -0.42 0.31 2.24 -0.20 0.29 2.29 
12.728000 -0.42 0.50 2.86 -0.43 -0.36 2.62 -0.52 0.17 2.69 -0.51 0.25 2.42 -0.25 0.12 2.74 -0.17 0.22 2.48 -0.41 0.32 2.24 -0.22 0.29 2.29 
12.760000 -0.42 0.48 2.86 -0.43 -0.36 2.62 -0.53 0.16 2.69 -0.51 0.25 2.43 -0.25 0.12 2.74 -0.17 0.22 2.48 -0.41 0.32 2.24 -0.27 0.29 2.27 
12.795000 -0.42 0.48 2.86 -0.43 -0.36 2.62 -0.53 0.14 2.69 -0.50 0.25 2.43 -0.25 0.12 2.74 -0.17 0.22 2.48 -0.42 0.30 2.25 -0.27 0.29 2.27 
12.829000 -0.42 0.48 2.86 -0.43 -0.37 2.62 -0.53 0.14 2.69 -0.50 0.25 2.43 -0.25 0.12 2.74 -0.18 0.22 2.48 -0.41 0.30 2.25 -0.27 0.29 2.27 
12.861000 -0.42 0.48 2.85 -0.43 -0.37 2.62 -0.53 0.14 2.69 -0.50 0.25 2.43 -0.25 0.12 2.73 -0.18 0.22 2.48 -0.35 0.31 2.24 -0.30 0.30 2.24 
12.895000 -0.42 0.47 2.85 -0.43 -0.37 2.62 -0.54 0.14 2.70 -0.50 0.24 2.43 -0.25 0.12 2.73 -0.18 0.22 2.47 -0.35 0.30 2.24 -0.30 0.30 2.24 
12.928000 -0.42 0.47 2.85 -0.42 -0.37 2.62 -0.56 0.10 2.72 -0.51 0.22 2.46 -0.25 0.12 2.73 -0.18 0.21 2.47 -0.44 0.29 2.27 -0.30 0.29 2.23 
12.961000 -0.42 0.46 2.85 -0.42 -0.37 2.62 -0.56 0.10 2.72 -0.51 0.22 2.46 -0.25 0.12 2.73 -0.18 0.21 2.47 -0.44 0.29 2.27 -0.29 0.29 2.23 
12.995000 -0.42 0.46 2.85 -0.42 -0.37 2.62 -0.56 0.09 2.72 -0.51 0.22 2.47 -0.25 0.12 2.73 -0.18 0.21 2.47 -0.43 0.29 2.27 -0.25 0.27 2.28 
13.027000 -0.42 0.46 2.85 -0.42 -0.37 2.62 -0.56 0.09 2.72 -0.51 0.22 2.47 -0.25 0.12 2.73 -0.18 0.21 2.47 -0.43 0.29 2.26 -0.25 0.27 2.28 
13.064000 -0.42 0.46 2.86 -0.42 -0.37 2.62 -0.56 0.09 2.72 -0.51 0.22 2.47 -0.25 0.12 2.73 -0.18 0.21 2.47 -0.42 0.29 2.26 -0.31 0.29 2.24 
13.095000 -0.42 0.46 2.85 -0.42 -0.37 2.62 -0.56 0.08 2.72 -0.51 0.22 2.47 -0.25 0.12 2.73 -0.18 0.21 2.47 -0.41 0.29 2.26 -0.31 0.29 2.24 
13.127000 -0.42 0.46 2.85 -0.42 -0.38 2.62 -0.56 0.08 2.72 -0.51 0.21 2.47 -0.25 0.12 2.73 -0.18 0.21 2.47 -0.36 0.29 2.25 -0.30 0.29 2.24 
13.161000 -0.42 0.46 2.85 -0.42 -0.38 2.62 -0.56 0.08 2.72 -0.51 0.21 2.47 -0.25 0.12 2.73 -0.18 0.21 2.47 -0.36 0.29 2.25 -0.30 0.29 2.23 
13.195000 -0.42 0.46 2.85 -0.42 -0.38 2.62 -0.56 0.09 2.72 -0.51 0.21 2.47 -0.25 0.12 2.73 -0.18 0.21 2.47 -0.36 0.29 2.25 -0.30 0.29 2.23 
13.228000 -0.42 0.46 2.85 -0.42 -0.38 2.62 -0.56 0.09 2.72 -0.51 0.21 2.47 -0.25 0.12 2.73 -0.18 0.21 2.47 -0.36 0.29 2.25 -0.30 0.29 2.23 
13.260000 -0.42 0.48 2.86 -0.42 -0.38 2.62 -0.56 0.09 2.72 -0.51 0.21 2.47 -0.25 0.12 2.73 -0.18 0.21 2.47 -0.36 0.29 2.25 -0.30 0.29 2.23 
13.295000 -0.42 0.48 2.86 -0.42 -0.38 2.62 -0.56 0.10 2.72 -0.51 0.22 2.47 -0.25 0.12 2.73 -0.18 0.21 2.47 -0.36 0.29 2.25 -0.25 0.28 2.28 
13.328000 -0.42 0.48 2.86 -0.42 -0.38 2.62 -0.53 0.12 2.70 -0.50 0.23 2.44 -0.25 0.12 2.73 -0.18 0.21 2.47 -0.35 0.27 2.20 -0.23 0.28 2.28 
13.360000 -0.41 0.48 2.86 -0.42 -0.38 2.62 -0.53 0.12 2.70 -0.50 0.23 2.44 -0.25 0.12 2.73 -0.18 0.21 2.47 -0.42 0.29 2.25 -0.22 0.28 2.28 
13.396000 -0.41 0.48 2.85 -0.42 -0.37 2.62 -0.53 0.12 2.70 -0.51 0.24 2.44 -0.25 0.12 2.74 -0.18 0.21 2.48 -0.42 0.29 2.25 -0.22 0.28 2.28 
13.428000 -0.41 0.49 2.85 -0.42 -0.37 2.62 -0.53 0.12 2.70 -0.51 0.24 2.44 -0.25 0.12 2.74 -0.16 0.21 2.49 -0.42 0.29 2.25 -0.20 0.28 2.30 
13.461000 -0.41 0.49 2.85 -0.42 -0.36 2.62 -0.53 0.13 2.70 -0.52 0.24 2.44 -0.25 0.12 2.74 -0.16 0.21 2.49 -0.43 0.30 2.25 -0.19 0.28 2.30 
13.495000 -0.41 0.48 2.86 -0.42 -0.36 2.62 -0.52 0.14 2.69 -0.53 0.24 2.43 -0.25 0.13 2.74 -0.15 0.21 2.49 -0.47 0.30 2.24 -0.17 0.29 2.30 
13.529000 -0.41 0.48 2.86 -0.42 -0.35 2.63 -0.52 0.15 2.69 -0.54 0.24 2.43 -0.25 0.14 2.74 -0.14 0.21 2.49 -0.48 0.30 2.24 -0.15 0.29 2.30 
13.561000 -0.41 0.48 2.86 -0.42 -0.34 2.63 -0.52 0.17 2.69 -0.55 0.24 2.43 -0.27 0.19 2.76 -0.14 0.21 2.51 -0.51 0.33 2.22 -0.12 0.29 2.31 
13.662000 -0.41 0.48 2.86 -0.42 -0.34 2.63 -0.53 0.22 2.71 -0.60 0.24 2.45 -0.25 0.19 2.76 -0.11 0.21 2.54 -0.59 0.33 2.24 -0.05 0.28 2.35 
13.696000 -0.41 0.48 2.86 -0.42 -0.33 2.63 -0.53 0.22 2.71 -0.60 0.25 2.45 -0.25 0.19 2.77 -0.09 0.22 2.53 -0.62 0.32 2.25 -0.04 0.29 2.34 
13.728000 -0.41 0.47 2.86 -0.42 -0.33 2.63 -0.53 0.22 2.71 -0.61 0.25 2.45 -0.24 0.19 2.77 -0.09 0.22 2.53 -0.65 0.32 2.26 -0.02 0.29 2.35 
13.762000 -0.41 0.47 2.86 -0.42 -0.33 2.63 -0.53 0.22 2.71 -0.62 0.25 2.46 -0.24 0.19 2.77 -0.08 0.22 2.54 -0.66 0.32 2.27 0.00 0.28 2.36 
13.798000 -0.41 0.47 2.86 -0.42 -0.33 2.63 -0.54 0.22 2.71 -0.64 0.25 2.46 -0.24 0.19 2.77 -0.08 0.22 2.54 -0.69 0.31 2.27 0.01 0.28 2.36 
13.831000 -0.40 0.47 2.86 -0.42 -0.33 2.63 -0.54 0.22 2.71 -0.65 0.25 2.46 -0.23 0.19 2.77 -0.07 0.22 2.54 -0.70 0.31 2.27 0.02 0.28 2.37 
13.861000 -0.40 0.47 2.86 -0.42 -0.33 2.63 -0.55 0.22 2.72 -0.66 0.25 2.47 -0.23 0.19 2.78 -0.07 0.22 2.55 -0.72 0.31 2.28 0.03 0.27 2.37 
13.928000 -0.40 0.47 2.86 -0.42 -0.32 2.63 -0.55 0.22 2.72 -0.67 0.24 2.47 -0.23 0.19 2.78 -0.06 0.21 2.55 -0.74 0.30 2.29 0.05 0.26 2.38 
13.961000 -0.40 0.47 2.86 -0.42 -0.32 2.63 -0.55 0.22 2.72 -0.68 0.24 2.48 -0.23 0.19 2.78 -0.05 0.21 2.56 -0.75 0.30 2.29 0.05 0.26 2.38 
14.027000 -0.40 0.47 2.85 -0.42 -0.32 2.63 -0.56 0.22 2.72 -0.68 0.24 2.48 -0.23 0.19 2.78 -0.05 0.21 2.56 -0.75 0.29 2.29 0.05 0.25 2.38 
14.061000 -0.40 0.47 2.85 -0.42 -0.32 2.63 -0.56 0.22 2.72 -0.68 0.23 2.48 -0.23 0.19 2.78 -0.05 0.20 2.56 -0.76 0.29 2.30 0.05 0.25 2.39 
14.095000 -0.40 0.47 2.85 -0.42 -0.32 2.63 -0.56 0.22 2.72 -0.68 0.23 2.48 -0.23 0.19 2.78 -0.05 0.20 2.56 -0.76 0.29 2.30 0.05 0.25 2.39 
14.128000 -0.40 0.47 2.85 -0.42 -0.32 2.63 -0.56 0.22 2.72 -0.69 0.23 2.48 -0.23 0.19 2.78 -0.05 0.21 2.56 -0.76 0.29 2.30 0.05 0.25 2.39 
14.161000 -0.40 0.47 2.85 -0.42 -0.32 2.63 -0.55 0.22 2.72 -0.69 0.24 2.49 -0.23 0.19 2.78 -0.05 0.21 2.56 -0.76 0.30 2.30 0.06 0.26 2.39 
14.195000 -0.40 0.47 2.85 -0.42 -0.32 2.63 -0.55 0.22 2.72 -0.69 0.25 2.49 -0.23 0.19 2.78 -0.05 0.22 2.56 -0.76 0.32 2.30 0.06 0.28 2.39 
14.260000 -0.40 0.47 2.85 -0.42 -0.32 2.63 -0.56 0.22 2.72 -0.69 0.28 2.50 -0.23 0.19 2.78 -0.05 0.25 2.57 -0.75 0.38 2.33 0.05 0.34 2.41 
14.295000 -0.40 0.47 2.85 -0.42 -0.32 2.63 -0.57 0.22 2.72 -0.70 0.30 2.49 -0.23 0.19 2.78 -0.04 0.26 2.57 -0.75 0.40 2.32 0.05 0.35 2.41 
14.361000 -0.40 0.47 2.85 -0.42 -0.32 2.63 -0.57 0.23 2.72 -0.70 0.35 2.51 -0.22 0.19 2.77 -0.04 0.30 2.59 -0.75 0.47 2.35 0.05 0.42 2.43 
14.395000 -0.40 0.47 2.85 -0.42 -0.32 2.63 -0.57 0.23 2.72 -0.70 0.35 2.51 -0.23 0.19 2.77 -0.05 0.31 2.59 -0.75 0.49 2.35 0.04 0.43 2.44 
14.428000 -0.40 0.47 2.85 -0.42 -0.32 2.63 -0.57 0.24 2.72 -0.70 0.37 2.52 -0.23 0.20 2.77 -0.05 0.32 2.60 -0.75 0.52 2.37 0.04 0.47 2.45 
14.561000 -0.41 0.47 2.84 -0.42 -0.31 2.63 -0.57 0.25 2.72 -0.69 0.43 2.57 -0.22 0.22 2.77 -0.05 0.39 2.64 -0.74 0.55 2.39 0.04 0.49 2.46 
14.628000 -0.40 0.47 2.83 -0.42 -0.30 2.63 -0.58 0.26 2.72 -0.69 0.45 2.58 -0.22 0.23 2.77 -0.05 0.41 2.65 -0.73 0.64 2.48 0.01 0.60 2.55 
14.661000 -0.40 0.47 2.83 -0.42 -0.30 2.63 -0.58 0.26 2.72 -0.69 0.45 2.58 -0.22 0.23 2.77 -0.05 0.42 2.65 -0.73 0.66 2.48 0.01 0.60 2.55 
14.728000 -0.40 0.47 2.83 -0.42 -0.30 2.63 -0.58 0.27 2.72 -0.69 0.49 2.61 -0.21 0.23 2.77 -0.05 0.43 2.66 -0.73 0.68 2.53 0.00 0.64 2.59 
14.864000 -0.40 0.48 2.82 -0.42 -0.29 2.62 -0.58 0.27 2.72 -0.69 0.50 2.62 -0.21 0.24 2.77 -0.06 0.44 2.71 -0.73 0.68 2.56 0.00 0.68 2.64 
14.895000 -0.40 0.48 2.82 -0.42 -0.29 2.62 -0.58 0.27 2.72 -0.69 0.50 2.62 -0.21 0.24 2.77 -0.06 0.44 2.71 -0.73 0.68 2.56 0.00 0.68 2.64 
14.927000 -0.40 0.48 2.82 -0.42 -0.29 2.62 -0.58 0.28 2.72 -0.69 0.50 2.62 -0.21 0.24 2.77 -0.06 0.44 2.71 -0.73 0.68 2.56 0.00 0.67 2.64 
14.960000 -0.40 0.48 2.82 -0.42 -0.29 2.62 -0.58 0.28 2.72 -0.69 0.50 2.62 -0.21 0.24 2.77 -0.06 0.44 2.71 -0.74 0.68 2.56 0.00 0.67 2.64 
14.994000 -0.40 0.48 2.82 -0.42 -0.29 2.62 -0.58 0.28 2.72 -0.69 0.50 2.62 -0.21 0.24 2.77 -0.06 0.44 2.71 -0.74 0.68 2.55 0.01 0.66 2.62 
15.029000 -0.40 0.48 2.82 -0.42 -0.29 2.62 -0.58 0.28 2.73 -0.70 0.49 2.62 -0.21 0.24 2.77 -0.06 0.44 2.70 -0.75 0.67 2.53 0.02 0.61 2.61 
15.061000 -0.40 0.48 2.82 -0.42 -0.29 2.62 -0.58 0.27 2.73 -0.70 0.48 2.61 -0.21 0.24 2.77 -0.05 0.43 2.69 -0.75 0.66 2.50 0.02 0.61 2.60 
15.163000 -0.40 0.48 2.82 -0.42 -0.29 2.62 -0.58 0.27 2.73 -0.70 0.41 2.57 -0.21 0.23 2.77 -0.04 0.38 2.65 -0.76 0.59 2.42 0.04 0.61 2.54 
15.229000 -0.40 0.48 2.82 -0.42 -0.29 2.63 -0.58 0.25 2.73 -0.70 0.39 2.53 -0.22 0.22 2.77 -0.04 0.34 2.62 -0.75 0.53 2.38 0.04 0.47 2.48 
15.261000 -0.40 0.47 2.82 -0.42 -0.30 2.63 -0.58 0.25 2.73 -0.70 0.38 2.52 -0.22 0.21 2.77 -0.05 0.32 2.60 -0.75 0.50 2.36 0.05 0.45 2.45 
15.295000 -0.40 0.47 2.82 -0.42 -0.30 2.63 -0.58 0.25 2.73 -0.69 0.33 2.50 -0.22 0.21 2.77 -0.05 0.30 2.58 -0.75 0.45 2.34 0.06 0.42 2.42 
15.328000 -0.40 0.47 2.82 -0.43 -0.31 2.63 -0.58 0.24 2.73 -0.69 0.32 2.50 -0.22 0.20 2.77 -0.05 0.29 2.58 -0.74 0.40 2.32 0.05 0.37 2.41 
15.360000 -0.40 0.48 2.83 -0.43 -0.31 2.63 -0.57 0.24 2.73 -0.68 0.28 2.50 -0.23 0.20 2.77 -0.05 0.25 2.57 -0.73 0.35 2.31 0.04 0.33 2.40 
15.394000 -0.40 0.48 2.83 -0.43 -0.31 2.63 -0.57 0.23 2.72 -0.68 0.26 2.49 -0.23 0.20 2.77 -0.05 0.23 2.56 -0.73 0.32 2.29 0.04 0.29 2.38 
15.462000 -0.40 0.48 2.83 -0.43 -0.31 2.63 -0.57 0.22 2.72 -0.67 0.19 2.47 -0.23 0.20 2.77 -0.08 0.17 2.56 -0.73 0.27 2.26 0.03 0.25 2.36 
15.495000 -0.40 0.48 2.83 -0.43 -0.32 2.63 -0.57 0.22 2.72 -0.66 0.18 2.47 -0.23 0.20 2.77 -0.10 0.15 2.56 -0.71 0.18 2.24 0.00 0.16 2.38 
15.527000 -0.40 0.48 2.83 -0.43 -0.32 2.63 -0.57 0.22 2.72 -0.66 0.16 2.46 -0.24 0.20 2.77 -0.10 0.14 2.53 -0.70 0.14 2.26 -0.01 0.13 2.34 
15.560000 -0.40 0.48 2.83 -0.42 -0.32 2.64 -0.57 0.22 2.72 -0.65 0.12 2.47 -0.24 0.20 2.76 -0.11 0.13 2.53 -0.70 0.11 2.27 -0.02 0.10 2.35 
15.594000 -0.41 0.48 2.83 -0.42 -0.32 2.64 -0.57 0.22 2.72 -0.65 0.12 2.47 -0.24 0.20 2.76 -0.12 0.11 2.53 -0.69 0.06 2.27 -0.03 0.05 2.34 
15.629000 -0.41 0.48 2.83 -0.42 -0.32 2.64 -0.57 0.22 2.72 -0.64 0.10 2.47 -0.24 0.20 2.76 -0.12 0.10 2.53 -0.68 0.02 2.28 -0.04 0.01 2.36 
15.660000 -0.41 0.48 2.83 -0.42 -0.32 2.64 -0.57 0.23 2.71 -0.64 0.10 2.47 -0.24 0.21 2.75 -0.13 0.08 2.53 -0.67 -0.01 2.30 -0.04 -0.03 2.37 
15.728000 -0.41 0.48 2.82 -0.42 -0.32 2.64 -0.57 0.23 2.71 -0.63 0.08 2.49 -0.24 0.21 2.75 -0.13 0.04 2.55 -0.66 -0.08 2.34 -0.08 -0.09 2.40 
15.761000 -0.41 0.48 2.82 -0.42 -0.32 2.64 -0.56 0.22 2.70 -0.63 0.03 2.50 -0.23 0.20 2.75 -0.13 0.02 2.57 -0.65 -0.09 2.34 -0.09 -0.11 2.42 
15.796000 -0.41 0.48 2.82 -0.42 -0.32 2.64 -0.56 0.22 2.70 -0.63 0.02 2.51 -0.23 0.21 2.75 -0.13 -0.00 2.59 -0.65 -0.12 2.36 -0.10 -0.14 2.44 
15.828000 -0.41 0.48 2.82 -0.42 -0.32 2.63 -0.56 0.22 2.70 -0.63 0.01 2.52 -0.23 0.21 2.75 -0.14 -0.00 2.59 -0.64 -0.14 2.38 -0.11 -0.16 2.44 
15.861000 -0.41 0.48 2.82 -0.42 -0.32 2.63 -0.56 0.22 2.70 -0.63 0.01 2.53 -0.23 0.20 2.75 -0.15 -0.03 2.61 -0.64 -0.15 2.40 -0.13 -0.19 2.46 
15.961000 -0.41 0.48 2.82 -0.42 -0.32 2.63 -0.56 0.22 2.70 -0.63 -0.01 2.55 -0.22 0.20 2.75 -0.16 -0.03 2.61 -0.62 -0.20 2.44 -0.15 -0.23 2.48 
16.032000 -0.40 0.48 2.81 -0.42 -0.33 2.63 -0.56 0.22 2.70 -0.63 -0.01 2.55 -0.22 0.20 2.75 -0.16 -0.03 2.61 -0.62 -0.20 2.44 -0.15 -0.23 2.48 
16.061001 -0.40 0.48 2.81 -0.42 -0.33 2.63 -0.56 0.22 2.70 -0.63 -0.01 2.55 -0.22 0.19 2.75 -0.16 -0.04 2.61 -0.63 -0.20 2.44 -0.15 -0.22 2.48 
16.098000 -0.40 0.48 2.81 -0.42 -0.33 2.63 -0.56 0.22 2.70 -0.63 -0.01 2.55 -0.22 0.19 2.75 -0.16 -0.05 2.61 -0.63 -0.19 2.43 -0.15 -0.22 2.47 
16.160000 -0.40 0.48 2.81 -0.42 -0.33 2.63 -0.56 0.22 2.70 -0.63 -0.01 2.55 -0.22 0.19 2.75 -0.15 -0.03 2.60 -0.65 -0.14 2.39 -0.11 -0.17 2.44 
16.228001 -0.40 0.48 2.82 -0.42 -0.33 2.63 -0.56 0.22 2.70 -0.65 0.03 2.51 -0.22 0.20 2.75 -0.14 0.02 2.59 -0.66 -0.10 2.35 -0.09 -0.10 2.43 
16.261000 -0.40 0.48 2.82 -0.42 -0.33 2.63 -0.56 0.22 2.70 -0.65 0.04 2.50 -0.22 0.19 2.75 -0.14 0.04 2.56 -0.66 -0.08 2.33 -0.07 -0.08 2.41 
16.327999 -0.40 0.48 2.82 -0.42 -0.33 2.63 -0.56 0.21 2.70 -0.65 0.10 2.50 -0.23 0.19 2.76 -0.12 0.07 2.56 -0.67 0.04 2.30 -0.04 0.01 2.38 
16.361000 -0.41 0.47 2.83 -0.42 -0.33 2.63 -0.56 0.21 2.70 -0.65 0.10 2.50 -0.23 0.19 2.76 -0.12 0.08 2.58 -0.68 0.07 2.29 -0.03 0.06 2.37 
16.395000 -0.41 0.47 2.83 -0.42 -0.33 2.63 -0.56 0.21 2.71 -0.64 0.12 2.50 -0.23 0.19 2.76 -0.12 0.11 2.53 -0.68 0.12 2.28 -0.00 0.09 2.36 
16.427999 -0.41 0.47 2.83 -0.42 -0.33 2.63 -0.56 0.21 2.71 -0.64 0.15 2.50 -0.23 0.19 2.76 -0.11 0.13 2.53 -0.68 0.15 2.29 0.00 0.12 2.36 
16.461000 -0.41 0.47 2.83 -0.42 -0.33 2.63 -0.57 0.21 2.71 -0.66 0.18 2.48 -0.23 0.19 2.76 -0.10 0.15 2.53 -0.70 0.20 2.27 0.01 0.17 2.36 
16.495001 -0.41 0.47 2.83 -0.42 -0.33 2.63 -0.57 0.21 2.72 -0.66 0.20 2.48 -0.23 0.19 2.76 -0.05 0.18 2.55 -0.70 0.25 2.28 0.02 0.22 2.37 
16.528000 -0.41 0.47 2.83 -0.42 -0.33 2.63 -0.57 0.21 2.71 -0.67 0.22 2.48 -0.23 0.18 2.77 -0.04 0.20 2.56 -0.71 0.29 2.28 0.03 0.27 2.37 
16.561001 -0.41 0.47 2.83 -0.42 -0.33 2.63 -0.57 0.21 2.72 -0.67 0.25 2.49 -0.23 0.19 2.77 -0.04 0.22 2.56 -0.71 0.33 2.30 0.04 0.32 2.38 
16.660999 -0.41 0.47 2.83 -0.42 -0.32 2.63 -0.57 0.22 2.72 -0.69 0.34 2.49 -0.23 0.19 2.77 -0.04 0.30 2.60 -0.72 0.41 2.29 0.03 0.33 2.38 
16.694000 -0.41 0.47 2.83 -0.42 -0.32 2.63 -0.57 0.22 2.72 -0.69 0.35 2.49 -0.22 0.20 2.77 -0.03 0.32 2.60 -0.72 0.49 2.33 0.05 0.45 2.45 
16.728001 -0.41 0.47 2.83 -0.42 -0.32 2.63 -0.57 0.23 2.72 -0.69 0.37 2.50 -0.22 0.20 2.77 -0.04 0.33 2.60 -0.71 0.51 2.34 0.05 0.48 2.46 
16.795000 -0.41 0.47 2.83 -0.42 -0.32 2.63 -0.58 0.24 2.72 -0.69 0.40 2.53 -0.22 0.20 2.77 -0.05 0.36 2.61 -0.71 0.55 2.38 0.04 0.52 2.50 
16.827999 -0.41 0.47 2.83 -0.42 -0.31 2.63 -0.57 0.24 2.72 -0.69 0.40 2.53 -0.22 0.20 2.77 -0.05 0.36 2.62 -0.71 0.56 2.39 0.04 0.54 2.50 
16.860001 -0.41 0.47 2.83 -0.42 -0.31 2.63 -0.57 0.24 2.72 -0.68 0.41 2.54 -0.22 0.21 2.77 -0.05 0.37 2.62 -0.71 0.57 2.40 0.04 0.56 2.51 
16.895000 -0.41 0.47 2.83 -0.42 -0.31 2.62 -0.57 0.25 2.72 -0.68 0.42 2.55 -0.22 0.21 2.77 -0.04 0.39 2.65 -0.71 0.60 2.41 0.03 0.57 2.52 
16.927999 -0.41 0.47 2.83 -0.42 -0.31 2.62 -0.58 0.25 2.72 -0.68 0.42 2.56 -0.22 0.22 2.77 -0.04 0.40 2.65 -0.71 0.60 2.42 0.03 0.58 2.53 
16.959999 -0.40 0.47 2.83 -0.42 -0.30 2.62 -0.58 0.25 2.72 -0.68 0.42 2.56 -0.21 0.22 2.77 -0.04 0.40 2.66 -0.71 0.62 2.43 0.03 0.58 2.54 
17.028000 -0.40 0.47 2.82 -0.42 -0.30 2.62 -0.58 0.25 2.72 -0.68 0.44 2.57 -0.21 0.22 2.77 -0.04 0.40 2.66 -0.71 0.62 2.44 0.03 0.59 2.54 
17.061001 -0.40 0.47 2.82 -0.42 -0.30 2.62 -0.58 0.25 2.72 -0.68 0.45 2.56 -0.21 0.23 2.77 -0.04 0.40 2.66 -0.71 0.62 2.44 0.02 0.59 2.55 
17.094999 -0.40 0.47 2.82 -0.42 -0.30 2.62 -0.58 0.25 2.72 -0.68 0.45 2.56 -0.21 0.23 2.77 -0.04 0.40 2.66 -0.71 0.62 2.44 0.02 0.59 2.55 
17.128000 -0.40 0.47 2.82 -0.42 -0.30 2.62 -0.58 0.25 2.72 -0.68 0.44 2.57 -0.21 0.23 2.77 -0.04 0.40 2.66 -0.71 0.62 2.44 0.02 0.58 2.54 
17.160999 -0.40 0.47 2.82 -0.42 -0.30 2.62 -0.58 0.25 2.72 -0.68 0.43 2.57 -0.21 0.22 2.77 -0.04 0.39 2.65 -0.71 0.61 2.44 0.03 0.58 2.53 
17.228001 -0.40 0.47 2.82 -0.42 -0.30 2.62 -0.58 0.25 2.72 -0.68 0.42 2.56 -0.21 0.22 2.77 -0.04 0.38 2.64 -0.71 0.57 2.41 0.03 0.55 2.50 
17.261000 -0.40 0.47 2.82 -0.42 -0.30 2.62 -0.57 0.24 2.72 -0.68 0.41 2.55 -0.21 0.22 2.77 -0.04 0.37 2.64 -0.72 0.56 2.40 0.03 0.54 2.49 
17.296000 -0.40 0.47 2.82 -0.42 -0.30 2.62 -0.58 0.24 2.72 -0.69 0.39 2.54 -0.21 0.21 2.77 -0.04 0.35 2.63 -0.72 0.54 2.38 0.04 0.50 2.47 
17.327999 -0.40 0.47 2.82 -0.42 -0.30 2.62 -0.57 0.24 2.72 -0.69 0.38 2.53 -0.21 0.21 2.77 -0.04 0.34 2.62 -0.72 0.51 2.36 0.04 0.49 2.45 
17.361000 -0.40 0.47 2.82 -0.42 -0.31 2.62 -0.57 0.23 2.72 -0.69 0.36 2.51 -0.21 0.21 2.77 -0.04 0.32 2.61 -0.72 0.47 2.34 0.04 0.46 2.43 
17.396000 -0.40 0.47 2.82 -0.42 -0.31 2.62 -0.57 0.23 2.72 -0.68 0.33 2.51 -0.22 0.21 2.77 -0.03 0.30 2.59 -0.72 0.47 2.29 0.04 0.43 2.41 
17.430000 -0.40 0.46 2.82 -0.42 -0.31 2.62 -0.57 0.22 2.72 -0.68 0.31 2.50 -0.22 0.20 2.77 -0.04 0.28 2.59 -0.72 0.40 2.32 0.03 0.39 2.40 
17.464001 -0.40 0.46 2.82 -0.42 -0.31 2.62 -0.57 0.22 2.72 -0.67 0.27 2.52 -0.22 0.20 2.78 -0.04 0.25 2.58 -0.71 0.36 2.32 0.03 0.35 2.39 
17.528000 -0.40 0.46 2.82 -0.42 -0.31 2.62 -0.57 0.21 2.73 -0.67 0.23 2.50 -0.22 0.20 2.78 -0.07 0.19 2.55 -0.71 0.29 2.29 0.02 0.26 2.37 
17.561001 -0.40 0.46 2.82 -0.42 -0.32 2.63 -0.57 0.21 2.73 -0.67 0.22 2.49 -0.23 0.19 2.78 -0.07 0.18 2.55 -0.71 0.26 2.29 0.01 0.23 2.36 
17.628000 -0.40 0.46 2.82 -0.42 -0.32 2.63 -0.57 0.21 2.73 -0.66 0.17 2.48 -0.23 0.19 2.78 -0.10 0.14 2.53 -0.70 0.18 2.28 -0.01 0.16 2.34 
17.695000 -0.40 0.46 2.82 -0.42 -0.32 2.63 -0.57 0.21 2.72 -0.64 0.13 2.50 -0.23 0.19 2.77 -0.11 0.12 2.52 -0.69 0.11 2.29 -0.03 0.08 2.33 
17.728001 -0.40 0.46 2.82 -0.42 -0.32 2.63 -0.57 0.21 2.72 -0.64 0.12 2.50 -0.23 0.20 2.77 -0.11 0.12 2.52 -0.68 0.08 2.29 -0.02 0.08 2.34 
17.761000 -0.40 0.47 2.82 -0.41 -0.32 2.63 -0.56 0.21 2.72 -0.64 0.11 2.49 -0.23 0.20 2.76 -0.12 0.10 2.53 -0.68 0.05 2.29 -0.03 0.03 2.35 
17.861000 -0.40 0.47 2.82 -0.42 -0.33 2.63 -0.56 0.21 2.72 -0.64 0.06 2.52 -0.23 0.19 2.75 -0.13 0.05 2.58 -0.66 -0.08 2.32 -0.09 -0.07 2.41 
17.895000 -0.40 0.47 2.82 -0.42 -0.33 2.63 -0.56 0.21 2.71 -0.64 0.04 2.51 -0.22 0.20 2.75 -0.13 0.04 2.58 -0.65 -0.09 2.35 -0.10 -0.09 2.42 
17.927999 -0.40 0.47 2.82 -0.42 -0.33 2.63 -0.56 0.21 2.71 -0.64 0.03 2.52 -0.22 0.19 2.75 -0.13 0.01 2.58 -0.65 -0.10 2.36 -0.11 -0.14 2.43 
17.961000 -0.40 0.47 2.82 -0.42 -0.33 2.63 -0.56 0.21 2.71 -0.63 0.02 2.52 -0.22 0.19 2.74 -0.14 -0.00 2.59 -0.64 -0.13 2.38 -0.12 -0.16 2.43 
18.062000 -0.40 0.47 2.81 -0.42 -0.33 2.63 -0.56 0.21 2.71 -0.63 -0.02 2.56 -0.22 0.19 2.74 -0.16 -0.04 2.60 -0.62 -0.19 2.43 -0.15 -0.22 2.47 
18.129000 -0.40 0.48 2.81 -0.42 -0.33 2.63 -0.56 0.21 2.70 -0.63 -0.02 2.56 -0.22 0.19 2.74 -0.16 -0.05 2.60 -0.62 -0.20 2.44 -0.15 -0.22 2.48 
18.160999 -0.40 0.48 2.81 -0.42 -0.33 2.63 -0.56 0.21 2.70 -0.63 -0.02 2.56 -0.22 0.19 2.75 -0.16 -0.05 2.61 -0.62 -0.20 2.44 -0.15 -0.22 2.48 
18.228001 -0.40 0.48 2.80 -0.42 -0.33 2.63 -0.56 0.21 2.70 -0.63 -0.02 2.56 -0.22 0.19 2.75 -0.16 -0.05 2.61 -0.62 -0.20 2.44 -0.15 -0.22 2.48 
18.261000 -0.40 0.48 2.80 -0.42 -0.33 2.63 -0.56 0.21 2.70 -0.63 -0.02 2.56 -0.22 0.19 2.75 -0.16 -0.05 2.60 -0.62 -0.20 2.44 -0.15 -0.22 2.47 
18.296000 -0.40 0.48 2.80 -0.42 -0.33 2.63 -0.56 0.21 2.70 -0.63 -0.02 2.56 -0.22 0.19 2.75 -0.16 -0.04 2.61 -0.63 -0.18 2.42 -0.14 -0.20 2.46 
18.329000 -0.40 0.48 2.80 -0.42 -0.33 2.63 -0.56 0.21 2.70 -0.64 -0.02 2.55 -0.22 0.19 2.75 -0.15 -0.03 2.60 -0.64 -0.16 2.40 -0.13 -0.17 2.45 
18.361000 -0.40 0.48 2.80 -0.42 -0.33 2.63 -0.56 0.21 2.70 -0.64 -0.01 2.54 -0.22 0.19 2.75 -0.14 -0.01 2.59 -0.65 -0.14 2.38 -0.11 -0.16 2.43 
18.395000 -0.40 0.48 2.81 -0.42 -0.33 2.63 -0.56 0.21 2.70 -0.64 0.01 2.53 -0.22 0.19 2.75 -0.14 0.01 2.59 -0.65 -0.11 2.36 -0.10 -0.11 2.42 
18.427999 -0.40 0.48 2.81 -0.42 -0.33 2.63 -0.56 0.21 2.70 -0.64 0.03 2.52 -0.22 0.19 2.75 -0.13 0.04 2.55 -0.66 -0.08 2.35 -0.09 -0.10 2.40 
18.459999 -0.40 0.48 2.81 -0.42 -0.33 2.63 -0.56 0.21 2.70 -0.64 0.07 2.52 -0.22 0.19 2.75 -0.13 0.05 2.55 -0.67 -0.03 2.34 -0.08 -0.07 2.38 
18.495001 -0.40 0.48 2.81 -0.42 -0.33 2.63 -0.56 0.21 2.70 -0.64 0.08 2.51 -0.22 0.19 2.75 -0.12 0.06 2.54 -0.68 0.00 2.30 -0.05 -0.02 2.36 
18.527000 -0.41 0.48 2.82 -0.42 -0.33 2.63 -0.56 0.21 2.70 -0.65 0.09 2.51 -0.23 0.19 2.75 -0.12 0.09 2.52 -0.68 0.04 2.30 -0.04 0.01 2.35 
18.559999 -0.41 0.48 2.82 -0.42 -0.33 2.63 -0.56 0.21 2.70 -0.65 0.10 2.50 -0.23 0.19 2.75 -0.13 0.09 2.52 -0.68 0.07 2.30 -0.04 0.05 2.34 
18.596001 -0.41 0.48 2.82 -0.42 -0.33 2.62 -0.56 0.21 2.70 -0.65 0.11 2.49 -0.23 0.19 2.75 -0.12 0.11 2.52 -0.69 0.12 2.29 -0.01 0.06 2.30 
18.629000 -0.41 0.48 2.82 -0.42 -0.33 2.62 -0.57 0.21 2.70 -0.65 0.15 2.50 -0.23 0.19 2.75 -0.11 0.13 2.50 -0.69 0.14 2.28 -0.00 0.12 2.32 
18.660000 -0.41 0.48 2.82 -0.42 -0.33 2.62 -0.57 0.21 2.71 -0.66 0.16 2.48 -0.23 0.19 2.75 -0.10 0.15 2.51 -0.70 0.18 2.28 0.01 0.16 2.33 
18.695000 -0.41 0.47 2.82 -0.42 -0.33 2.62 -0.57 0.21 2.71 -0.67 0.19 2.47 -0.23 0.19 2.75 -0.09 0.16 2.52 -0.71 0.23 2.27 0.00 0.21 2.34 
18.726999 -0.41 0.47 2.82 -0.42 -0.33 2.62 -0.57 0.21 2.71 -0.67 0.22 2.47 -0.23 0.19 2.75 -0.07 0.18 2.53 -0.71 0.27 2.28 0.01 0.25 2.35 
18.760000 -0.41 0.47 2.82 -0.42 -0.33 2.62 -0.57 0.21 2.71 -0.68 0.24 2.48 -0.23 0.19 2.75 -0.07 0.21 2.54 -0.71 0.31 2.28 0.02 0.29 2.36 
18.794001 -0.41 0.47 2.82 -0.42 -0.32 2.62 -0.57 0.21 2.71 -0.68 0.26 2.48 -0.23 0.19 2.75 -0.04 0.25 2.55 -0.72 0.34 2.30 0.02 0.34 2.37 
18.827000 -0.41 0.47 2.82 -0.42 -0.32 2.62 -0.57 0.21 2.71 -0.69 0.29 2.48 -0.23 0.19 2.75 -0.04 0.27 2.56 -0.72 0.39 2.30 0.03 0.38 2.38 
18.861000 -0.41 0.47 2.82 -0.42 -0.32 2.62 -0.58 0.22 2.71 -0.69 0.32 2.48 -0.23 0.19 2.75 -0.04 0.30 2.57 -0.72 0.43 2.31 0.04 0.41 2.40 
18.893999 -0.41 0.47 2.82 -0.42 -0.32 2.62 -0.58 0.22 2.71 -0.70 0.34 2.49 -0.23 0.19 2.75 -0.04 0.31 2.57 -0.73 0.47 2.33 0.04 0.45 2.41 
18.927000 -0.41 0.47 2.82 -0.42 -0.32 2.62 -0.58 0.23 2.71 -0.70 0.36 2.50 -0.23 0.19 2.75 -0.04 0.33 2.59 -0.73 0.50 2.34 0.04 0.48 2.43 
18.961000 -0.41 0.47 2.82 -0.42 -0.32 2.62 -0.58 0.23 2.71 -0.70 0.38 2.51 -0.22 0.20 2.75 -0.04 0.34 2.60 -0.73 0.52 2.35 0.04 0.50 2.45 
19.028000 -0.41 0.47 2.82 -0.42 -0.31 2.62 -0.58 0.24 2.71 -0.70 0.41 2.54 -0.22 0.21 2.75 -0.04 0.37 2.60 -0.73 0.57 2.39 0.03 0.56 2.48 
19.061001 -0.41 0.47 2.82 -0.42 -0.31 2.61 -0.58 0.24 2.71 -0.69 0.41 2.54 -0.22 0.22 2.75 -0.05 0.38 2.61 -0.73 0.58 2.40 0.03 0.56 2.49 
19.094999 -0.41 0.48 2.82 -0.42 -0.31 2.61 -0.58 0.24 2.71 -0.69 0.41 2.55 -0.22 0.22 2.75 -0.05 0.39 2.61 -0.73 0.59 2.41 0.02 0.57 2.51 
19.128000 -0.41 0.48 2.82 -0.42 -0.30 2.61 -0.58 0.25 2.71 -0.69 0.43 2.55 -0.22 0.23 2.75 -0.05 0.39 2.62 -0.73 0.61 2.42 0.02 0.58 2.52 
19.160000 -0.41 0.48 2.82 -0.42 -0.30 2.61 -0.58 0.25 2.72 -0.70 0.44 2.56 -0.22 0.23 2.75 -0.05 0.40 2.63 -0.73 0.61 2.43 0.02 0.59 2.53 
19.194000 -0.41 0.48 2.82 -0.42 -0.30 2.61 -0.58 0.25 2.72 -0.70 0.44 2.56 -0.22 0.23 2.75 -0.04 0.40 2.65 -0.73 0.62 2.44 0.02 0.59 2.53 
19.228001 -0.41 0.48 2.82 -0.42 -0.30 2.61 -0.58 0.25 2.72 -0.70 0.44 2.56 -0.22 0.23 2.76 -0.04 0.41 2.65 -0.73 0.62 2.44 0.01 0.59 2.54 
19.327000 -0.41 0.48 2.82 -0.42 -0.30 2.61 -0.58 0.25 2.72 -0.70 0.44 2.56 -0.21 0.23 2.76 -0.04 0.41 2.65 -0.73 0.62 2.44 0.01 0.59 2.53 
19.360001 -0.41 0.48 2.82 -0.42 -0.30 2.61 -0.58 0.25 2.72 -0.69 0.43 2.56 -0.21 0.23 2.76 -0.04 0.40 2.65 -0.73 0.60 2.43 0.02 0.58 2.53 
19.429001 -0.41 0.48 2.82 -0.42 -0.30 2.61 -0.59 0.25 2.72 -0.70 0.41 2.55 -0.22 0.23 2.76 -0.05 0.37 2.61 -0.72 0.56 2.40 0.03 0.53 2.49 
19.459999 -0.41 0.48 2.82 -0.42 -0.30 2.61 -0.59 0.25 2.72 -0.70 0.40 2.54 -0.22 0.22 2.76 -0.05 0.36 2.61 -0.72 0.55 2.39 0.03 0.52 2.48 
19.495001 -0.41 0.48 2.82 -0.42 -0.30 2.61 -0.58 0.24 2.72 -0.70 0.38 2.53 -0.22 0.22 2.76 -0.04 0.35 2.61 -0.73 0.52 2.37 0.03 0.49 2.46 
19.562000 -0.41 0.47 2.82 -0.42 -0.30 2.62 -0.58 0.23 2.71 -0.70 0.33 2.50 -0.22 0.21 2.76 -0.03 0.30 2.59 -0.73 0.45 2.33 0.04 0.43 2.41 
19.629000 -0.42 0.48 2.82 -0.42 -0.31 2.62 -0.58 0.23 2.72 -0.68 0.27 2.51 -0.22 0.21 2.76 -0.05 0.24 2.58 -0.72 0.36 2.32 0.02 0.35 2.39 
19.660000 -0.42 0.48 2.82 -0.42 -0.31 2.62 -0.58 0.22 2.72 -0.69 0.26 2.50 -0.23 0.20 2.77 -0.05 0.23 2.56 -0.72 0.34 2.30 0.02 0.32 2.37 
19.695000 -0.42 0.48 2.82 -0.42 -0.31 2.62 -0.58 0.22 2.72 -0.69 0.24 2.49 -0.23 0.20 2.77 -0.06 0.21 2.55 -0.72 0.29 2.29 0.01 0.27 2.36 
19.728001 -0.42 0.48 2.82 -0.42 -0.32 2.62 -0.58 0.21 2.72 -0.68 0.23 2.49 -0.23 0.20 2.77 -0.07 0.18 2.55 -0.72 0.26 2.28 0.01 0.23 2.35 
19.796000 -0.42 0.48 2.82 -0.42 -0.32 2.62 -0.57 0.21 2.72 -0.66 0.19 2.49 -0.23 0.20 2.77 -0.10 0.14 2.52 -0.71 0.19 2.28 -0.00 0.15 2.33 
19.827000 -0.42 0.48 2.82 -0.42 -0.32 2.63 -0.57 0.21 2.72 -0.66 0.16 2.49 -0.24 0.20 2.76 -0.10 0.14 2.52 -0.71 0.16 2.26 -0.01 0.13 2.33 
19.862000 -0.42 0.48 2.82 -0.42 -0.32 2.63 -0.57 0.21 2.71 -0.66 0.15 2.49 -0.24 0.20 2.76 -0.11 0.13 2.52 -0.70 0.13 2.29 -0.03 0.08 2.32 
19.927000 -0.42 0.48 2.82 -0.42 -0.32 2.63 -0.57 0.22 2.71 -0.66 0.13 2.48 -0.24 0.20 2.76 -0.11 0.11 2.52 -0.70 0.06 2.29 -0.04 0.02 2.35 
19.959999 -0.42 0.48 2.82 -0.42 -0.32 2.63 -0.57 0.22 2.71 -0.65 0.11 2.49 -0.24 0.20 2.75 -0.11 0.09 2.52 -0.69 0.04 2.29 -0.04 -0.01 2.35 
20.028999 -0.42 0.48 2.82 -0.42 -0.33 2.63 -0.57 0.22 2.70 -0.65 0.10 2.49 -0.24 0.20 2.75 -0.11 0.06 2.53 -0.68 -0.02 2.33 -0.07 -0.08 2.39 
20.061001 -0.42 0.48 2.82 -0.42 -0.33 2.63 -0.57 0.22 2.70 -0.64 0.09 2.50 -0.24 0.20 2.74 -0.12 0.04 2.54 -0.67 -0.05 2.34 -0.08 -0.10 2.39 
20.096001 -0.41 0.48 2.81 -0.42 -0.33 2.63 -0.57 0.22 2.70 -0.64 0.08 2.50 -0.23 0.20 2.74 -0.12 0.03 2.55 -0.67 -0.07 2.35 -0.09 -0.12 2.41 
20.128000 -0.41 0.48 2.81 -0.42 -0.33 2.63 -0.57 0.22 2.70 -0.65 0.02 2.52 -0.23 0.20 2.74 -0.13 0.01 2.58 -0.66 -0.09 2.34 -0.10 -0.12 2.43 
20.195000 -0.41 0.48 2.81 -0.42 -0.33 2.63 -0.57 0.22 2.70 -0.65 0.01 2.53 -0.23 0.20 2.74 -0.14 -0.01 2.60 -0.65 -0.14 2.39 -0.12 -0.18 2.44 
20.261000 -0.41 0.48 2.80 -0.42 -0.33 2.63 -0.57 0.21 2.70 -0.64 -0.00 2.54 -0.23 0.20 2.74 -0.15 -0.03 2.61 -0.65 -0.15 2.40 -0.14 -0.20 2.46 
20.295000 -0.41 0.48 2.80 -0.42 -0.33 2.63 -0.57 0.21 2.70 -0.64 -0.01 2.54 -0.23 0.20 2.74 -0.15 -0.03 2.61 -0.64 -0.16 2.41 -0.14 -0.20 2.47 
20.361000 -0.41 0.48 2.80 -0.42 -0.33 2.63 -0.57 0.21 2.70 -0.64 -0.01 2.55 -0.23 0.19 2.74 -0.15 -0.04 2.61 -0.64 -0.17 2.42 -0.14 -0.20 2.47 
20.395000 -0.41 0.48 2.80 -0.42 -0.33 2.63 -0.57 0.21 2.70 -0.64 -0.01 2.55 -0.22 0.20 2.74 -0.15 -0.04 2.61 -0.65 -0.17 2.42 -0.14 -0.21 2.47 
20.461000 -0.41 0.48 2.80 -0.42 -0.33 2.63 -0.57 0.21 2.70 -0.64 -0.01 2.55 -0.22 0.19 2.74 -0.15 -0.04 2.61 -0.65 -0.17 2.42 -0.14 -0.20 2.47 
20.531000 -0.41 0.48 2.80 -0.42 -0.33 2.63 -0.57 0.21 2.70 -0.65 -0.01 2.55 -0.22 0.19 2.74 -0.15 -0.03 2.62 -0.66 -0.16 2.41 -0.13 -0.18 2.44 
20.559999 -0.41 0.48 2.80 -0.42 -0.33 2.63 -0.57 0.21 2.70 -0.65 -0.01 2.55 -0.22 0.19 2.74 -0.15 -0.02 2.61 -0.67 -0.15 2.39 -0.12 -0.16 2.44 
20.594999 -0.40 0.48 2.81 -0.42 -0.33 2.62 -0.57 0.21 2.70 -0.65 0.00 2.54 -0.22 0.19 2.74 -0.13 0.01 2.60 -0.67 -0.12 2.38 -0.10 -0.13 2.44 
20.628000 -0.40 0.48 2.81 -0.42 -0.33 2.62 -0.57 0.21 2.70 -0.66 0.01 2.53 -0.22 0.19 2.74 -0.12 0.02 2.57 -0.68 -0.11 2.37 -0.10 -0.12 2.42 
20.695000 -0.40 0.48 2.81 -0.42 -0.33 2.62 -0.57 0.21 2.70 -0.66 0.07 2.53 -0.22 0.19 2.74 -0.12 0.05 2.53 -0.69 -0.08 2.32 -0.06 -0.07 2.38 
20.728001 -0.41 0.48 2.82 -0.42 -0.33 2.62 -0.57 0.21 2.70 -0.66 0.08 2.53 -0.22 0.19 2.74 -0.12 0.05 2.53 -0.69 -0.00 2.34 -0.04 -0.05 2.36 
20.761000 -0.41 0.48 2.82 -0.42 -0.33 2.62 -0.57 0.21 2.70 -0.66 0.10 2.52 -0.22 0.19 2.75 -0.11 0.07 2.53 -0.70 0.02 2.33 -0.02 0.00 2.36 
20.861000 -0.41 0.48 2.82 -0.42 -0.33 2.62 -0.57 0.21 2.71 -0.66 0.12 2.52 -0.23 0.19 2.75 -0.10 0.12 2.55 -0.71 0.13 2.32 -0.00 0.10 2.36 
20.896000 -0.41 0.48 2.82 -0.42 -0.33 2.62 -0.57 0.21 2.71 -0.67 0.14 2.51 -0.23 0.19 2.75 -0.07 0.11 2.55 -0.72 0.15 2.27 0.00 0.13 2.35 
20.959999 -0.41 0.48 2.83 -0.42 -0.33 2.62 -0.57 0.21 2.72 -0.68 0.19 2.50 -0.23 0.19 2.75 -0.07 0.15 2.54 -0.74 0.22 2.23 0.02 0.20 2.34 
20.995001 -0.41 0.48 2.83 -0.42 -0.33 2.62 -0.57 0.21 2.72 -0.68 0.19 2.49 -0.23 0.19 2.75 -0.06 0.16 2.54 -0.73 0.24 2.30 0.02 0.22 2.34 
21.028000 -0.41 0.48 2.83 -0.42 -0.33 2.62 -0.57 0.21 2.72 -0.69 0.21 2.50 -0.23 0.19 2.75 -0.06 0.18 2.54 -0.74 0.26 2.30 0.03 0.26 2.35 
21.061001 -0.41 0.48 2.83 -0.42 -0.33 2.62 -0.57 0.21 2.72 -0.69 0.22 2.50 -0.23 0.19 2.75 -0.04 0.21 2.54 -0.74 0.28 2.30 0.03 0.28 2.35 
21.094999 -0.41 0.48 2.83 -0.42 -0.33 2.62 -0.57 0.21 2.72 -0.69 0.24 2.50 -0.22 0.19 2.76 -0.04 0.22 2.55 -0.74 0.31 2.30 0.03 0.30 2.36 
21.128000 -0.41 0.47 2.83 -0.42 -0.33 2.62 -0.57 0.21 2.72 -0.69 0.25 2.50 -0.22 0.19 2.76 -0.03 0.22 2.55 -0.73 0.32 2.31 0.03 0.32 2.36 
21.160999 -0.41 0.47 2.83 -0.42 -0.32 2.62 -0.57 0.21 2.72 -0.69 0.25 2.50 -0.22 0.19 2.76 -0.03 0.23 2.55 -0.73 0.33 2.31 0.03 0.32 2.37 
21.228001 -0.41 0.47 2.84 -0.42 -0.32 2.62 -0.57 0.21 2.72 -0.69 0.26 2.50 -0.22 0.19 2.76 -0.03 0.24 2.55 -0.73 0.34 2.32 0.03 0.33 2.37 
21.261000 -0.41 0.47 2.84 -0.42 -0.32 2.62 -0.57 0.22 2.72 -0.69 0.26 2.50 -0.22 0.19 2.76 -0.03 0.24 2.56 -0.73 0.35 2.32 0.03 0.33 2.38 
21.295000 -0.41 0.47 2.84 -0.42 -0.32 2.62 -0.57 0.22 2.72 -0.69 0.26 2.50 -0.22 0.19 2.76 -0.03 0.24 2.56 -0.73 0.35 2.32 0.03 0.33 2.38 
21.327999 -0.41 0.47 2.84 -0.42 -0.32 2.62 -0.57 0.22 2.72 -0.69 0.27 2.50 -0.22 0.19 2.76 -0.03 0.24 2.56 -0.73 0.35 2.32 0.03 0.33 2.38 
21.361000 -0.41 0.47 2.84 -0.42 -0.32 2.62 -0.57 0.22 2.72 -0.69 0.26 2.50 -0.22 0.19 2.76 -0.03 0.24 2.56 -0.73 0.34 2.32 0.03 0.33 2.38 
21.427999 -0.41 0.47 2.84 -0.42 -0.32 2.62 -0.57 0.22 2.72 -0.68 0.26 2.50 -0.22 0.19 2.76 -0.03 0.23 2.55 -0.72 0.34 2.31 0.03 0.32 2.37 
21.461000 -0.40 0.47 2.84 -0.42 -0.32 2.62 -0.57 0.22 2.72 -0.68 0.26 2.50 -0.22 0.18 2.76 -0.03 0.23 2.55 -0.72 0.33 2.31 0.03 0.31 2.37 
21.495001 -0.40 0.47 2.84 -0.42 -0.32 2.62 -0.57 0.22 2.72 -0.68 0.26 2.50 -0.22 0.18 2.76 -0.03 0.22 2.55 -0.72 0.33 2.31 0.03 0.30 2.37 
21.561001 -0.40 0.47 2.85 -0.42 -0.32 2.62 -0.57 0.22 2.72 -0.68 0.26 2.50 -0.22 0.18 2.76 -0.04 0.20 2.56 -0.71 0.33 2.31 0.03 0.25 2.37 
21.594999 -0.40 0.47 2.85 -0.42 -0.32 2.62 -0.57 0.22 2.72 -0.68 0.26 2.50 -0.22 0.18 2.76 -0.05 0.18 2.55 -0.71 0.34 2.31 0.03 0.24 2.36 
21.628000 -0.40 0.47 2.85 -0.42 -0.32 2.62 -0.57 0.22 2.72 -0.68 0.27 2.50 -0.22 0.18 2.76 -0.06 0.17 2.55 -0.71 0.36 2.31 0.02 0.21 2.37 
21.660999 -0.40 0.47 2.85 -0.42 -0.32 2.62 -0.57 0.22 2.72 -0.68 0.29 2.49 -0.22 0.18 2.77 -0.07 0.16 2.55 -0.71 0.38 2.31 0.02 0.19 2.36 
21.695000 -0.40 0.47 2.85 -0.42 -0.32 2.62 -0.57 0.22 2.72 -0.68 0.30 2.49 -0.22 0.18 2.77 -0.08 0.15 2.54 -0.70 0.40 2.32 0.02 0.16 2.35 
21.728001 -0.40 0.47 2.85 -0.42 -0.32 2.62 -0.57 0.22 2.72 -0.68 0.32 2.49 -0.22 0.18 2.77 -0.08 0.14 2.54 -0.70 0.43 2.32 0.02 0.13 2.35 
21.761000 -0.40 0.47 2.85 -0.42 -0.32 2.62 -0.57 0.22 2.72 -0.68 0.34 2.49 -0.22 0.18 2.76 -0.09 0.13 2.53 -0.70 0.46 2.33 0.01 0.10 2.35 
21.827999 -0.40 0.47 2.85 -0.42 -0.32 2.62 -0.57 0.23 2.72 -0.68 0.38 2.52 -0.22 0.18 2.76 -0.10 0.11 2.54 -0.69 0.51 2.37 -0.01 0.02 2.37 
21.861000 -0.40 0.47 2.85 -0.42 -0.32 2.62 -0.57 0.23 2.72 -0.67 0.38 2.52 -0.22 0.19 2.76 -0.10 0.09 2.54 -0.69 0.52 2.37 -0.00 0.02 2.37 
21.927999 -0.40 0.47 2.85 -0.42 -0.32 2.62 -0.57 0.24 2.72 -0.67 0.41 2.55 -0.22 0.19 2.76 -0.11 0.04 2.55 -0.69 0.59 2.40 -0.02 -0.05 2.39 
21.961000 -0.39 0.47 2.84 -0.43 -0.32 2.62 -0.56 0.24 2.72 -0.67 0.42 2.56 -0.22 0.19 2.76 -0.11 0.04 2.55 -0.69 0.60 2.41 -0.03 -0.08 2.40 
22.062000 -0.39 0.47 2.84 -0.43 -0.31 2.62 -0.56 0.25 2.73 -0.66 0.46 2.59 -0.22 0.19 2.76 -0.10 -0.01 2.60 -0.68 0.64 2.48 -0.07 -0.14 2.45 
22.094000 -0.39 0.47 2.84 -0.43 -0.31 2.62 -0.56 0.25 2.72 -0.66 0.47 2.59 -0.22 0.19 2.76 -0.13 0.00 2.62 -0.66 0.71 2.47 -0.07 -0.15 2.46 
22.162001 -0.39 0.47 2.84 -0.43 -0.31 2.62 -0.56 0.27 2.73 -0.65 0.48 2.60 -0.22 0.20 2.76 -0.14 -0.02 2.63 -0.66 0.72 2.49 -0.10 -0.21 2.48 
22.195999 -0.39 0.47 2.83 -0.43 -0.31 2.62 -0.56 0.27 2.73 -0.65 0.48 2.61 -0.22 0.20 2.76 -0.14 -0.03 2.63 -0.66 0.73 2.50 -0.10 -0.22 2.48 
22.229000 -0.38 0.48 2.83 -0.43 -0.31 2.62 -0.56 0.27 2.73 -0.65 0.49 2.62 -0.22 0.21 2.76 -0.14 -0.03 2.63 -0.66 0.73 2.51 -0.11 -0.23 2.49 
22.260000 -0.38 0.48 2.83 -0.43 -0.30 2.62 -0.56 0.27 2.73 -0.65 0.49 2.62 -0.22 0.21 2.76 -0.14 -0.03 2.64 -0.66 0.73 2.51 -0.11 -0.24 2.50 
22.329000 -0.38 0.48 2.83 -0.43 -0.30 2.62 -0.56 0.27 2.73 -0.65 0.49 2.62 -0.22 0.21 2.76 -0.15 -0.03 2.64 -0.66 0.73 2.51 -0.12 -0.24 2.50 
22.362000 -0.38 0.48 2.83 -0.43 -0.30 2.62 -0.56 0.27 2.73 -0.65 0.49 2.62 -0.22 0.21 2.76 -0.15 -0.03 2.64 -0.66 0.73 2.51 -0.12 -0.25 2.50 
22.429001 -0.38 0.48 2.83 -0.43 -0.30 2.62 -0.56 0.27 2.73 -0.65 0.49 2.62 -0.22 0.21 2.76 -0.15 -0.03 2.64 -0.66 0.72 2.50 -0.12 -0.25 2.50 
22.461000 -0.38 0.48 2.83 -0.43 -0.30 2.62 -0.56 0.27 2.73 -0.65 0.49 2.61 -0.22 0.21 2.76 -0.15 -0.04 2.64 -0.67 0.66 2.50 -0.12 -0.24 2.50 
22.495001 -0.38 0.48 2.83 -0.43 -0.30 2.62 -0.56 0.27 2.73 -0.65 0.48 2.60 -0.22 0.20 2.75 -0.15 -0.04 2.64 -0.68 0.65 2.49 -0.12 -0.23 2.49 
22.528000 -0.38 0.48 2.83 -0.43 -0.30 2.62 -0.56 0.27 2.73 -0.66 0.48 2.59 -0.22 0.20 2.75 -0.14 -0.04 2.63 -0.68 0.64 2.47 -0.11 -0.21 2.48 
22.561001 -0.38 0.47 2.83 -0.43 -0.30 2.62 -0.56 0.27 2.73 -0.66 0.44 2.58 -0.22 0.20 2.75 -0.14 -0.03 2.63 -0.69 0.62 2.45 -0.10 -0.19 2.47 
22.594999 -0.38 0.47 2.83 -0.43 -0.30 2.62 -0.56 0.26 2.74 -0.66 0.43 2.58 -0.22 0.20 2.75 -0.14 -0.02 2.63 -0.69 0.61 2.43 -0.10 -0.17 2.46 
22.660000 -0.39 0.47 2.83 -0.43 -0.30 2.62 -0.56 0.26 2.74 -0.67 0.40 2.55 -0.22 0.20 2.76 -0.13 0.02 2.61 -0.69 0.55 2.40 -0.08 -0.11 2.44 
22.728001 -0.39 0.47 2.84 -0.43 -0.31 2.62 -0.56 0.25 2.74 -0.67 0.38 2.53 -0.22 0.20 2.76 -0.12 0.04 2.59 -0.70 0.50 2.36 -0.06 -0.06 2.42 
22.760000 -0.39 0.47 2.84 -0.43 -0.31 2.62 -0.56 0.24 2.74 -0.67 0.36 2.53 -0.22 0.19 2.76 -0.12 0.05 2.59 -0.70 0.49 2.34 -0.05 -0.03 2.41 
22.794001 -0.40 0.47 2.84 -0.43 -0.31 2.62 -0.56 0.23 2.74 -0.67 0.34 2.52 -0.22 0.19 2.76 -0.11 0.05 2.59 -0.71 0.47 2.32 -0.02 0.00 2.37 
22.829000 -0.40 0.47 2.84 -0.43 -0.31 2.62 -0.57 0.23 2.74 -0.67 0.32 2.52 -0.22 0.19 2.76 -0.10 0.08 2.52 -0.70 0.41 2.34 0.00 0.01 2.36 
22.861000 -0.40 0.47 2.84 -0.43 -0.31 2.62 -0.57 0.23 2.74 -0.67 0.30 2.52 -0.22 0.19 2.76 -0.10 0.09 2.52 -0.71 0.39 2.31 0.00 0.04 2.35 
22.927999 -0.41 0.47 2.85 -0.43 -0.32 2.62 -0.57 0.23 2.74 -0.66 0.26 2.51 -0.23 0.19 2.76 -0.09 0.12 2.53 -0.70 0.33 2.32 0.02 0.10 2.35 
22.959999 -0.41 0.47 2.85 -0.43 -0.32 2.62 -0.57 0.22 2.74 -0.66 0.25 2.51 -0.23 0.19 2.76 -0.09 0.13 2.53 -0.70 0.31 2.31 0.02 0.13 2.35 
23.028000 -0.41 0.47 2.85 -0.43 -0.32 2.62 -0.57 0.21 2.74 -0.66 0.23 2.50 -0.23 0.19 2.76 -0.08 0.15 2.53 -0.70 0.27 2.29 0.03 0.20 2.35 
23.061001 -0.41 0.47 2.85 -0.43 -0.32 2.62 -0.57 0.21 2.73 -0.66 0.22 2.50 -0.23 0.19 2.76 -0.07 0.16 2.54 -0.70 0.26 2.29 0.03 0.21 2.35 
23.094999 -0.42 0.47 2.85 -0.43 -0.32 2.62 -0.57 0.21 2.73 -0.66 0.21 2.50 -0.23 0.19 2.76 -0.05 0.18 2.55 -0.70 0.24 2.30 0.03 0.23 2.36 
23.127001 -0.42 0.47 2.85 -0.43 -0.32 2.63 -0.57 0.20 2.73 -0.66 0.20 2.49 -0.23 0.19 2.76 -0.05 0.18 2.55 -0.70 0.24 2.29 0.03 0.24 2.36 
23.160999 -0.42 0.47 2.85 -0.42 -0.32 2.63 -0.57 0.20 2.73 -0.66 0.20 2.49 -0.23 0.19 2.77 -0.05 0.18 2.55 -0.70 0.23 2.29 0.03 0.25 2.36 
23.260000 -0.43 0.47 2.85 -0.42 -0.32 2.63 -0.57 0.20 2.73 -0.66 0.20 2.49 -0.23 0.20 2.77 -0.04 0.20 2.55 -0.70 0.23 2.29 0.03 0.26 2.36 
23.295000 -0.43 0.47 2.85 -0.42 -0.32 2.63 -0.57 0.20 2.73 -0.66 0.20 2.49 -0.23 0.20 2.77 -0.04 0.21 2.56 -0.70 0.23 2.28 0.03 0.27 2.37 
23.327999 -0.43 0.47 2.85 -0.42 -0.32 2.63 -0.57 0.20 2.73 -0.66 0.20 2.48 -0.23 0.20 2.77 -0.04 0.21 2.56 -0.70 0.23 2.28 0.03 0.28 2.37 
23.361000 -0.43 0.47 2.86 -0.42 -0.32 2.63 -0.57 0.20 2.73 -0.66 0.19 2.48 -0.23 0.20 2.77 -0.04 0.22 2.56 -0.70 0.22 2.28 0.03 0.30 2.37 
23.393999 -0.43 0.47 2.86 -0.42 -0.32 2.63 -0.57 0.20 2.73 -0.66 0.19 2.48 -0.23 0.20 2.77 -0.04 0.23 2.56 -0.70 0.21 2.28 0.03 0.32 2.38 
23.429001 -0.43 0.47 2.86 -0.42 -0.32 2.63 -0.57 0.20 2.73 -0.66 0.18 2.48 -0.23 0.20 2.77 -0.04 0.25 2.57 -0.69 0.19 2.28 0.03 0.34 2.39 
23.459999 -0.43 0.47 2.86 -0.41 -0.32 2.63 -0.57 0.20 2.73 -0.65 0.17 2.50 -0.23 0.20 2.77 -0.04 0.27 2.57 -0.69 0.18 2.29 0.03 0.36 2.40 
23.527000 -0.43 0.47 2.86 -0.41 -0.32 2.63 -0.57 0.20 2.73 -0.65 0.14 2.50 -0.23 0.20 2.76 -0.03 0.31 2.59 -0.68 0.13 2.30 0.04 0.42 2.42 
23.559999 -0.43 0.47 2.86 -0.41 -0.32 2.63 -0.57 0.20 2.73 -0.65 0.13 2.51 -0.23 0.20 2.76 -0.03 0.31 2.59 -0.68 0.09 2.31 0.04 0.44 2.43 
23.629000 -0.43 0.47 2.85 -0.41 -0.32 2.63 -0.57 0.20 2.73 -0.64 0.09 2.51 -0.23 0.20 2.76 -0.04 0.35 2.62 -0.68 0.03 2.32 0.03 0.51 2.47 
23.660000 -0.43 0.47 2.85 -0.41 -0.32 2.63 -0.57 0.20 2.73 -0.64 0.08 2.52 -0.23 0.21 2.76 -0.04 0.36 2.62 -0.68 0.01 2.32 0.03 0.52 2.47 
23.695000 -0.43 0.47 2.85 -0.41 -0.32 2.63 -0.57 0.20 2.72 -0.64 0.08 2.52 -0.23 0.21 2.76 -0.04 0.37 2.62 -0.68 -0.01 2.34 0.02 0.54 2.49 
23.726999 -0.43 0.48 2.85 -0.41 -0.32 2.63 -0.57 0.20 2.72 -0.64 0.08 2.53 -0.22 0.22 2.76 -0.05 0.39 2.64 -0.67 -0.04 2.36 0.01 0.56 2.51 
23.760000 -0.43 0.48 2.85 -0.41 -0.32 2.63 -0.57 0.20 2.72 -0.64 0.07 2.53 -0.22 0.22 2.76 -0.05 0.40 2.64 -0.66 -0.07 2.38 0.01 0.58 2.53 
23.794001 -0.43 0.48 2.84 -0.41 -0.32 2.63 -0.57 0.20 2.72 -0.64 0.05 2.54 -0.22 0.22 2.76 -0.05 0.41 2.65 -0.66 -0.09 2.39 0.00 0.59 2.54 
23.827000 -0.43 0.48 2.84 -0.41 -0.32 2.63 -0.57 0.20 2.72 -0.64 0.04 2.55 -0.22 0.23 2.76 -0.05 0.41 2.66 -0.66 -0.10 2.40 -0.00 0.60 2.56 
23.861000 -0.43 0.48 2.84 -0.41 -0.32 2.63 -0.57 0.20 2.72 -0.64 -0.00 2.56 -0.22 0.23 2.76 -0.05 0.42 2.67 -0.66 -0.14 2.40 -0.01 0.62 2.58 
23.895000 -0.43 0.48 2.84 -0.41 -0.32 2.63 -0.57 0.21 2.72 -0.63 -0.01 2.56 -0.22 0.23 2.76 -0.06 0.43 2.68 -0.66 -0.15 2.41 -0.02 0.63 2.59 
23.927999 -0.43 0.48 2.84 -0.41 -0.32 2.63 -0.57 0.21 2.72 -0.64 -0.01 2.56 -0.22 0.23 2.76 -0.06 0.43 2.68 -0.65 -0.17 2.42 -0.02 0.64 2.60 
23.959999 -0.43 0.48 2.84 -0.41 -0.31 2.63 -0.57 0.21 2.71 -0.64 -0.02 2.56 -0.22 0.23 2.76 -0.06 0.44 2.69 -0.65 -0.18 2.44 -0.02 0.65 2.60 
24.028000 -0.43 0.48 2.84 -0.40 -0.31 2.63 -0.57 0.21 2.71 -0.64 -0.02 2.57 -0.22 0.23 2.76 -0.06 0.44 2.69 -0.65 -0.19 2.45 -0.03 0.65 2.61 
24.061001 -0.43 0.48 2.83 -0.40 -0.31 2.63 -0.57 0.21 2.71 -0.64 -0.02 2.57 -0.22 0.23 2.76 -0.06 0.44 2.69 -0.65 -0.20 2.45 -0.03 0.65 2.61 
24.094999 -0.43 0.49 2.83 -0.40 -0.31 2.63 -0.57 0.21 2.71 -0.64 -0.02 2.57 -0.22 0.23 2.76 -0.06 0.44 2.69 -0.65 -0.20 2.45 -0.03 0.64 2.61 
24.128000 -0.43 0.49 2.84 -0.40 -0.31 2.63 -0.57 0.21 2.71 -0.64 -0.02 2.57 -0.22 0.24 2.76 -0.06 0.44 2.69 -0.65 -0.20 2.45 -0.02 0.63 2.61 
24.160999 -0.43 0.49 2.84 -0.40 -0.31 2.63 -0.57 0.21 2.71 -0.64 -0.02 2.57 -0.22 0.24 2.76 -0.06 0.44 2.69 -0.65 -0.20 2.45 -0.02 0.62 2.60 
24.195000 -0.43 0.49 2.84 -0.40 -0.31 2.63 -0.57 0.21 2.71 -0.64 -0.02 2.57 -0.22 0.24 2.76 -0.06 0.43 2.69 -0.65 -0.19 2.44 -0.01 0.61 2.58 
24.228001 -0.43 0.49 2.84 -0.40 -0.31 2.63 -0.57 0.21 2.71 -0.64 -0.02 2.57 -0.22 0.24 2.77 -0.06 0.42 2.68 -0.65 -0.17 2.43 -0.00 0.60 2.57 
24.261000 -0.43 0.49 2.84 -0.40 -0.31 2.63 -0.57 0.21 2.71 -0.64 -0.02 2.57 -0.22 0.24 2.77 -0.06 0.41 2.67 -0.65 -0.16 2.42 0.00 0.59 2.55 
24.294001 -0.43 0.49 2.84 -0.40 -0.31 2.63 -0.57 0.21 2.72 -0.64 -0.01 2.56 -0.22 0.24 2.77 -0.05 0.40 2.66 -0.66 -0.14 2.40 0.01 0.57 2.53 
24.327999 -0.43 0.49 2.84 -0.40 -0.31 2.63 -0.57 0.21 2.71 -0.64 -0.00 2.55 -0.22 0.23 2.77 -0.05 0.38 2.65 -0.66 -0.12 2.38 0.02 0.55 2.51 
24.361000 -0.43 0.49 2.85 -0.40 -0.31 2.63 -0.57 0.21 2.71 -0.64 0.02 2.54 -0.23 0.23 2.77 -0.05 0.37 2.64 -0.66 -0.10 2.38 0.02 0.53 2.48 
24.395000 -0.43 0.49 2.85 -0.40 -0.31 2.63 -0.57 0.21 2.72 -0.65 0.07 2.53 -0.23 0.23 2.77 -0.05 0.35 2.63 -0.67 -0.08 2.34 0.03 0.50 2.47 
24.427999 -0.43 0.49 2.85 -0.40 -0.31 2.63 -0.57 0.21 2.72 -0.65 0.07 2.52 -0.23 0.22 2.77 -0.05 0.33 2.62 -0.67 -0.08 2.34 0.03 0.48 2.45 
24.461000 -0.43 0.49 2.85 -0.40 -0.32 2.63 -0.57 0.21 2.72 -0.65 0.07 2.52 -0.23 0.22 2.77 -0.05 0.32 2.61 -0.67 -0.06 2.31 0.03 0.46 2.43 
24.495001 -0.42 0.49 2.85 -0.40 -0.32 2.63 -0.57 0.21 2.72 -0.65 0.07 2.52 -0.23 0.21 2.77 -0.04 0.30 2.60 -0.68 0.01 2.32 0.03 0.43 2.42 
24.527000 -0.42 0.49 2.86 -0.40 -0.32 2.63 -0.57 0.21 2.72 -0.65 0.08 2.52 -0.23 0.21 2.77 -0.04 0.29 2.59 -0.68 0.02 2.32 0.03 0.41 2.41 
24.561001 -0.42 0.49 2.86 -0.40 -0.32 2.63 -0.57 0.21 2.72 -0.65 0.09 2.52 -0.23 0.20 2.77 -0.05 0.27 2.59 -0.68 0.05 2.31 0.03 0.37 2.40 
24.594999 -0.42 0.49 2.86 -0.41 -0.32 2.63 -0.57 0.21 2.72 -0.65 0.10 2.51 -0.23 0.20 2.77 -0.05 0.25 2.58 -0.68 0.09 2.30 0.03 0.36 2.39 
24.628000 -0.42 0.49 2.86 -0.41 -0.32 2.63 -0.57 0.21 2.72 -0.65 0.11 2.50 -0.23 0.20 2.77 -0.06 0.23 2.56 -0.68 0.11 2.30 0.03 0.33 2.38 
24.660999 -0.41 0.49 2.86 -0.41 -0.32 2.63 -0.57 0.21 2.72 -0.65 0.12 2.50 -0.23 0.19 2.77 -0.06 0.22 2.55 -0.68 0.13 2.29 0.02 0.31 2.37 
24.729000 -0.41 0.49 2.87 -0.41 -0.32 2.63 -0.57 0.21 2.72 -0.66 0.17 2.48 -0.23 0.19 2.77 -0.06 0.20 2.54 -0.70 0.19 2.27 0.02 0.26 2.36 
24.761000 -0.41 0.48 2.87 -0.41 -0.32 2.63 -0.56 0.21 2.72 -0.66 0.18 2.47 -0.23 0.19 2.77 -0.07 0.19 2.54 -0.70 0.21 2.27 0.02 0.25 2.36 
24.796000 -0.40 0.48 2.87 -0.41 -0.32 2.63 -0.56 0.21 2.72 -0.66 0.19 2.48 -0.23 0.19 2.77 -0.07 0.18 2.53 -0.70 0.22 2.28 0.02 0.24 2.35 
24.829000 -0.40 0.48 2.87 -0.41 -0.32 2.63 -0.56 0.21 2.72 -0.66 0.20 2.48 -0.23 0.19 2.77 -0.06 0.17 2.54 -0.70 0.25 2.28 0.02 0.23 2.35 
24.862000 -0.40 0.48 2.87 -0.41 -0.32 2.63 -0.56 0.21 2.72 -0.66 0.21 2.48 -0.23 0.18 2.77 -0.07 0.17 2.53 -0.69 0.27 2.28 0.02 0.22 2.35 
24.929001 -0.39 0.48 2.87 -0.42 -0.32 2.63 -0.56 0.21 2.72 -0.66 0.23 2.48 -0.23 0.18 2.77 -0.07 0.16 2.54 -0.69 0.30 2.28 0.02 0.20 2.35 
24.961000 -0.39 0.48 2.87 -0.42 -0.33 2.63 -0.56 0.21 2.72 -0.66 0.24 2.48 -0.22 0.17 2.77 -0.08 0.16 2.54 -0.68 0.31 2.28 0.02 0.19 2.35 
25.061001 -0.39 0.48 2.87 -0.42 -0.33 2.63 -0.56 0.22 2.72 -0.66 0.25 2.48 -0.22 0.17 2.77 -0.08 0.14 2.56 -0.67 0.33 2.28 0.01 0.19 2.36 
25.096001 -0.38 0.48 2.87 -0.42 -0.33 2.63 -0.56 0.22 2.72 -0.65 0.25 2.48 -0.22 0.17 2.77 -0.08 0.15 2.54 -0.67 0.33 2.28 0.01 0.18 2.36 
25.129000 -0.38 0.48 2.87 -0.42 -0.33 2.62 -0.56 0.22 2.72 -0.65 0.25 2.48 -0.22 0.17 2.77 -0.06 0.14 2.54 -0.67 0.33 2.28 0.02 0.18 2.35 
25.162001 -0.38 0.48 2.87 -0.42 -0.33 2.62 -0.56 0.22 2.72 -0.65 0.26 2.48 -0.22 0.17 2.77 -0.04 0.09 2.58 -0.67 0.33 2.28 0.01 0.18 2.36 
25.195999 -0.38 0.48 2.87 -0.42 -0.33 2.62 -0.56 0.22 2.72 -0.65 0.26 2.48 -0.22 0.17 2.77 -0.04 0.10 2.56 -0.67 0.34 2.28 0.01 0.18 2.36 
25.228001 -0.38 0.48 2.87 -0.42 -0.33 2.62 -0.56 0.22 2.72 -0.65 0.26 2.48 -0.22 0.17 2.77 -0.08 0.15 2.53 -0.66 0.35 2.29 0.02 0.18 2.35 
25.261000 -0.37 0.48 2.87 -0.42 -0.33 2.62 -0.55 0.22 2.72 -0.65 0.27 2.48 -0.22 0.17 2.77 -0.08 0.15 2.54 -0.66 0.37 2.29 0.02 0.17 2.36 
25.295000 -0.37 0.48 2.87 -0.42 -0.33 2.62 -0.55 0.22 2.72 -0.65 0.29 2.48 -0.22 0.17 2.77 -0.08 0.15 2.54 -0.66 0.39 2.29 0.02 0.16 2.36 
25.327999 -0.37 0.48 2.87 -0.42 -0.33 2.62 -0.56 0.22 2.72 -0.65 0.31 2.48 -0.22 0.17 2.77 -0.08 0.14 2.54 -0.67 0.41 2.30 0.03 0.13 2.36 
25.363001 -0.37 0.48 2.87 -0.42 -0.33 2.62 -0.55 0.22 2.72 -0.66 0.33 2.48 -0.22 0.17 2.77 -0.09 0.14 2.54 -0.67 0.47 2.28 0.02 0.12 2.36 
25.429001 -0.37 0.48 2.87 -0.42 -0.33 2.62 -0.55 0.23 2.72 -0.66 0.36 2.50 -0.22 0.17 2.77 -0.09 0.13 2.54 -0.67 0.49 2.34 0.01 0.08 2.37 
25.461000 -0.37 0.48 2.87 -0.42 -0.32 2.62 -0.55 0.23 2.72 -0.66 0.37 2.50 -0.22 0.17 2.77 -0.09 0.12 2.54 -0.67 0.51 2.35 0.00 0.05 2.37 
25.496000 -0.37 0.48 2.87 -0.42 -0.32 2.62 -0.55 0.23 2.72 -0.66 0.38 2.51 -0.22 0.17 2.77 -0.09 0.11 2.54 -0.67 0.53 2.36 0.00 0.05 2.37 
25.528000 -0.37 0.48 2.86 -0.42 -0.32 2.62 -0.56 0.23 2.72 -0.66 0.39 2.52 -0.22 0.18 2.77 -0.10 0.09 2.54 -0.68 0.58 2.36 -0.01 -0.00 2.38 
25.561001 -0.37 0.47 2.86 -0.42 -0.32 2.62 -0.55 0.23 2.72 -0.66 0.40 2.53 -0.22 0.18 2.77 -0.09 0.05 2.57 -0.68 0.59 2.37 -0.02 -0.01 2.38 
25.660999 -0.37 0.47 2.86 -0.42 -0.32 2.62 -0.55 0.24 2.72 -0.66 0.42 2.58 -0.22 0.18 2.77 -0.10 0.04 2.56 -0.67 0.63 2.44 -0.05 -0.09 2.41 
25.695999 -0.36 0.47 2.86 -0.42 -0.32 2.62 -0.56 0.25 2.72 -0.66 0.44 2.57 -0.22 0.18 2.76 -0.12 0.02 2.59 -0.67 0.64 2.44 -0.05 -0.09 2.43 
25.761999 -0.36 0.47 2.85 -0.42 -0.32 2.61 -0.56 0.25 2.72 -0.65 0.45 2.58 -0.22 0.18 2.76 -0.12 0.01 2.58 -0.66 0.70 2.47 -0.08 -0.15 2.45 
25.796000 -0.36 0.47 2.85 -0.42 -0.32 2.61 -0.55 0.25 2.72 -0.65 0.46 2.59 -0.22 0.18 2.76 -0.13 -0.01 2.61 -0.66 0.70 2.47 -0.08 -0.16 2.46 
25.829000 -0.36 0.47 2.85 -0.42 -0.31 2.61 -0.55 0.25 2.72 -0.66 0.46 2.59 -0.22 0.18 2.76 -0.13 -0.02 2.61 -0.65 0.71 2.48 -0.10 -0.20 2.47 
25.862000 -0.36 0.47 2.84 -0.42 -0.31 2.61 -0.55 0.25 2.72 -0.66 0.46 2.59 -0.22 0.18 2.76 -0.13 -0.05 2.61 -0.65 0.71 2.48 -0.11 -0.21 2.47 
25.929001 -0.36 0.47 2.84 -0.42 -0.31 2.61 -0.55 0.26 2.72 -0.64 0.49 2.60 -0.21 0.19 2.77 -0.14 -0.04 2.62 -0.65 0.72 2.49 -0.13 -0.24 2.49 
25.959999 -0.36 0.47 2.84 -0.42 -0.31 2.61 -0.55 0.26 2.72 -0.64 0.49 2.60 -0.21 0.19 2.77 -0.14 -0.04 2.62 -0.65 0.72 2.49 -0.13 -0.24 2.49 
26.062000 -0.36 0.47 2.84 -0.43 -0.31 2.61 -0.55 0.26 2.72 -0.64 0.49 2.60 -0.21 0.19 2.77 -0.14 -0.04 2.62 -0.65 0.72 2.48 -0.13 -0.24 2.49 
26.094999 -0.35 0.47 2.83 -0.43 -0.31 2.61 -0.55 0.26 2.72 -0.64 0.48 2.60 -0.21 0.18 2.77 -0.14 -0.05 2.62 -0.65 0.71 2.46 -0.12 -0.24 2.48 
26.128000 -0.35 0.47 2.83 -0.43 -0.31 2.61 -0.55 0.26 2.72 -0.64 0.47 2.59 -0.21 0.18 2.77 -0.14 -0.04 2.62 -0.66 0.64 2.46 -0.11 -0.22 2.47 
26.162001 -0.35 0.47 2.83 -0.43 -0.31 2.61 -0.55 0.26 2.72 -0.64 0.44 2.58 -0.21 0.18 2.76 -0.13 -0.03 2.61 -0.66 0.63 2.46 -0.10 -0.19 2.46 
26.261000 -0.35 0.47 2.83 -0.43 -0.31 2.61 -0.55 0.25 2.73 -0.65 0.41 2.55 -0.20 0.18 2.76 -0.12 0.03 2.59 -0.67 0.58 2.39 -0.07 -0.10 2.43 
26.296000 -0.35 0.47 2.83 -0.43 -0.31 2.61 -0.55 0.25 2.73 -0.65 0.40 2.54 -0.20 0.18 2.76 -0.12 0.03 2.59 -0.67 0.56 2.38 -0.06 -0.07 2.42 
26.362000 -0.35 0.47 2.83 -0.43 -0.31 2.61 -0.55 0.25 2.73 -0.65 0.38 2.52 -0.20 0.18 2.76 -0.10 0.07 2.52 -0.66 0.51 2.34 -0.01 -0.02 2.36 
26.395000 -0.35 0.47 2.83 -0.43 -0.31 2.61 -0.55 0.25 2.73 -0.65 0.37 2.51 -0.20 0.18 2.76 -0.10 0.08 2.52 -0.66 0.49 2.34 -0.01 -0.00 2.35 
26.427999 -0.35 0.47 2.84 -0.43 -0.31 2.61 -0.55 0.25 2.73 -0.64 0.34 2.51 -0.21 0.18 2.76 -0.10 0.09 2.52 -0.67 0.46 2.33 -0.00 0.04 2.35 
26.461000 -0.36 0.47 2.84 -0.43 -0.32 2.61 -0.55 0.25 2.73 -0.65 0.34 2.50 -0.21 0.18 2.76 -0.10 0.10 2.52 -0.67 0.44 2.32 0.00 0.07 2.34 
26.527000 -0.36 0.47 2.84 -0.43 -0.32 2.61 -0.55 0.25 2.73 -0.65 0.30 2.49 -0.21 0.17 2.76 -0.09 0.12 2.52 -0.68 0.39 2.31 0.02 0.11 2.34 
26.561001 -0.36 0.47 2.84 -0.43 -0.32 2.61 -0.55 0.23 2.73 -0.65 0.29 2.50 -0.21 0.17 2.76 -0.09 0.12 2.52 -0.68 0.37 2.31 0.02 0.12 2.35 
26.628000 -0.36 0.47 2.84 -0.43 -0.32 2.61 -0.55 0.23 2.73 -0.65 0.28 2.50 -0.21 0.16 2.76 -0.06 0.14 2.52 -0.68 0.34 2.30 0.03 0.18 2.33 
26.662001 -0.36 0.47 2.84 -0.43 -0.32 2.61 -0.55 0.23 2.72 -0.65 0.27 2.49 -0.21 0.16 2.76 -0.07 0.15 2.54 -0.68 0.33 2.29 0.02 0.18 2.35 
26.728001 -0.36 0.47 2.84 -0.43 -0.32 2.61 -0.55 0.23 2.72 -0.65 0.25 2.49 -0.21 0.16 2.76 -0.06 0.16 2.55 -0.68 0.31 2.28 0.03 0.22 2.34 
26.761000 -0.36 0.47 2.85 -0.42 -0.32 2.61 -0.55 0.23 2.72 -0.65 0.25 2.49 -0.21 0.17 2.76 -0.05 0.17 2.55 -0.68 0.30 2.28 0.03 0.22 2.35 
26.794001 -0.36 0.47 2.85 -0.42 -0.32 2.61 -0.55 0.23 2.72 -0.65 0.25 2.48 -0.21 0.17 2.76 -0.05 0.17 2.55 -0.69 0.29 2.27 0.03 0.23 2.35 
26.860001 -0.36 0.47 2.85 -0.42 -0.32 2.62 -0.55 0.23 2.72 -0.65 0.25 2.48 -0.21 0.17 2.76 -0.05 0.18 2.55 -0.69 0.29 2.27 0.03 0.23 2.36 
26.896000 -0.36 0.47 2.85 -0.42 -0.32 2.62 -0.55 0.23 2.72 -0.64 0.24 2.48 -0.21 0.17 2.76 -0.05 0.18 2.55 -0.69 0.28 2.27 0.03 0.24 2.36 
26.927999 -0.36 0.47 2.85 -0.42 -0.32 2.62 -0.54 0.23 2.72 -0.65 0.24 2.48 -0.21 0.17 2.76 -0.05 0.18 2.56 -0.68 0.28 2.27 0.03 0.24 2.36 
26.959999 -0.37 0.47 2.85 -0.42 -0.32 2.62 -0.54 0.23 2.72 -0.65 0.23 2.48 -0.21 0.17 2.76 -0.04 0.19 2.55 -0.68 0.28 2.27 0.03 0.25 2.36 
26.995001 -0.37 0.47 2.85 -0.42 -0.32 2.62 -0.54 0.23 2.72 -0.64 0.23 2.48 -0.21 0.17 2.76 -0.04 0.19 2.54 -0.68 0.28 2.27 0.02 0.25 2.36 
27.028000 -0.37 0.47 2.85 -0.42 -0.32 2.62 -0.54 0.22 2.72 -0.64 0.23 2.48 -0.21 0.17 2.76 -0.04 0.19 2.54 -0.67 0.27 2.26 0.02 0.25 2.35 
27.059999 -0.37 0.47 2.85 -0.41 -0.32 2.62 -0.54 0.22 2.72 -0.64 0.23 2.47 -0.21 0.17 2.76 -0.05 0.20 2.54 -0.66 0.27 2.26 0.02 0.26 2.35 
27.129000 -0.38 0.47 2.85 -0.41 -0.32 2.62 -0.54 0.22 2.72 -0.62 0.22 2.47 -0.21 0.17 2.76 -0.07 0.20 2.53 -0.64 0.28 2.27 -0.01 0.27 2.34 
27.160000 -0.38 0.47 2.85 -0.41 -0.32 2.62 -0.54 0.22 2.72 -0.62 0.22 2.47 -0.21 0.17 2.76 -0.07 0.20 2.53 -0.63 0.28 2.27 -0.02 0.27 2.33 
27.228001 -0.38 0.47 2.86 -0.41 -0.32 2.62 -0.54 0.22 2.72 -0.61 0.22 2.47 -0.22 0.17 2.76 -0.07 0.21 2.52 -0.60 0.28 2.27 -0.04 0.28 2.32 
27.261000 -0.39 0.47 2.86 -0.41 -0.32 2.62 -0.54 0.22 2.72 -0.60 0.21 2.46 -0.22 0.17 2.76 -0.08 0.20 2.51 -0.58 0.29 2.26 -0.06 0.28 2.32 
27.295000 -0.39 0.47 2.86 -0.41 -0.32 2.62 -0.54 0.22 2.72 -0.60 0.21 2.46 -0.22 0.17 2.76 -0.09 0.21 2.51 -0.57 0.29 2.25 -0.08 0.29 2.30 
27.327000 -0.39 0.47 2.86 -0.41 -0.32 2.62 -0.54 0.22 2.72 -0.60 0.22 2.46 -0.22 0.17 2.76 -0.10 0.21 2.51 -0.56 0.29 2.25 -0.08 0.29 2.30 
27.459999 -0.39 0.47 2.86 -0.41 -0.32 2.62 -0.54 0.22 2.72 -0.57 0.23 2.44 -0.24 0.18 2.75 -0.12 0.21 2.50 -0.49 0.32 2.22 -0.15 0.30 2.29 
27.495001 -0.40 0.47 2.86 -0.41 -0.32 2.62 -0.53 0.22 2.71 -0.57 0.23 2.44 -0.24 0.18 2.75 -0.13 0.22 2.50 -0.49 0.30 2.26 -0.15 0.30 2.29 
27.527000 -0.40 0.47 2.86 -0.41 -0.33 2.62 -0.52 0.21 2.71 -0.56 0.24 2.44 -0.24 0.18 2.75 -0.13 0.21 2.49 -0.49 0.30 2.26 -0.16 0.31 2.29 
27.562000 -0.40 0.47 2.86 -0.41 -0.33 2.62 -0.52 0.21 2.71 -0.56 0.24 2.44 -0.24 0.17 2.75 -0.14 0.22 2.49 -0.49 0.31 2.26 -0.18 0.31 2.29 
27.596001 -0.41 0.47 2.85 -0.41 -0.33 2.62 -0.52 0.21 2.71 -0.56 0.24 2.44 -0.24 0.17 2.74 -0.14 0.22 2.49 -0.48 0.31 2.26 -0.19 0.31 2.29 
27.629000 -0.41 0.47 2.85 -0.41 -0.33 2.62 -0.51 0.21 2.70 -0.55 0.24 2.44 -0.24 0.16 2.74 -0.15 0.22 2.48 -0.48 0.31 2.26 -0.20 0.31 2.29 
27.660999 -0.41 0.47 2.85 -0.41 -0.33 2.61 -0.51 0.20 2.70 -0.55 0.24 2.44 -0.24 0.16 2.74 -0.15 0.22 2.48 -0.47 0.31 2.26 -0.20 0.31 2.29 
27.728001 -0.41 0.47 2.85 -0.41 -0.34 2.61 -0.51 0.19 2.69 -0.54 0.26 2.43 -0.24 0.16 2.73 -0.16 0.22 2.48 -0.46 0.32 2.24 -0.21 0.32 2.28 
27.761000 -0.41 0.47 2.84 -0.41 -0.34 2.61 -0.51 0.19 2.69 -0.54 0.26 2.43 -0.24 0.16 2.73 -0.16 0.22 2.48 -0.46 0.32 2.25 -0.22 0.32 2.28 
27.827999 -0.41 0.48 2.84 -0.41 -0.34 2.60 -0.51 0.19 2.69 -0.53 0.26 2.42 -0.24 0.16 2.73 -0.16 0.23 2.48 -0.45 0.32 2.24 -0.22 0.32 2.28 
27.861000 -0.41 0.48 2.83 -0.41 -0.34 2.60 -0.51 0.18 2.67 -0.50 0.27 2.40 -0.25 0.15 2.72 -0.16 0.23 2.48 -0.42 0.33 2.22 -0.22 0.32 2.27 
27.893999 -0.41 0.48 2.83 -0.41 -0.35 2.60 -0.51 0.17 2.67 -0.52 0.27 2.40 -0.25 0.14 2.71 -0.16 0.23 2.48 -0.42 0.33 2.22 -0.22 0.32 2.27 
27.927999 -0.41 0.48 2.83 -0.41 -0.35 2.59 -0.51 0.17 2.67 -0.52 0.27 2.40 -0.25 0.14 2.71 -0.16 0.23 2.47 -0.42 0.33 2.22 -0.22 0.32 2.27 
27.961000 -0.41 0.48 2.83 -0.41 -0.35 2.59 -0.51 0.17 2.66 -0.52 0.27 2.40 -0.25 0.14 2.71 -0.16 0.23 2.47 -0.42 0.33 2.22 -0.22 0.32 2.26 
28.065001 -0.41 0.48 2.82 -0.41 -0.35 2.58 -0.51 0.17 2.66 -0.53 0.26 2.41 -0.25 0.14 2.70 -0.16 0.23 2.46 -0.42 0.33 2.22 -0.22 0.32 2.26 
28.094999 -0.41 0.48 2.82 -0.41 -0.35 2.57 -0.51 0.17 2.65 -0.53 0.26 2.41 -0.25 0.14 2.70 -0.16 0.23 2.45 -0.42 0.33 2.21 -0.22 0.32 2.26 
28.160999 -0.41 0.47 2.81 -0.41 -0.35 2.56 -0.50 0.17 2.65 -0.52 0.27 2.39 -0.25 0.14 2.69 -0.16 0.23 2.45 -0.44 0.33 2.21 -0.22 0.32 2.25 
28.229000 -0.40 0.47 2.81 -0.40 -0.35 2.55 -0.51 0.16 2.65 -0.51 0.27 2.38 -0.25 0.14 2.69 -0.16 0.23 2.44 -0.42 0.34 2.20 -0.22 0.32 2.25 
28.260000 -0.40 0.47 2.80 -0.40 -0.35 2.54 -0.51 0.16 2.64 -0.51 0.27 2.38 -0.25 0.14 2.68 -0.16 0.23 2.44 -0.41 0.35 2.19 -0.22 0.32 2.24 
28.296000 -0.40 0.47 2.80 -0.40 -0.35 2.54 -0.51 0.15 2.64 -0.51 0.27 2.38 -0.24 0.14 2.68 -0.16 0.23 2.43 -0.41 0.35 2.19 -0.22 0.32 2.24 
28.329000 -0.40 0.47 2.80 -0.40 -0.35 2.53 -0.51 0.15 2.64 -0.51 0.27 2.38 -0.24 0.14 2.67 -0.16 0.23 2.43 -0.41 0.35 2.19 -0.22 0.33 2.23 
28.361000 -0.40 0.47 2.79 -0.40 -0.35 2.52 -0.52 0.14 2.64 -0.51 0.27 2.38 -0.24 0.14 2.67 -0.16 0.23 2.43 -0.41 0.36 2.18 -0.22 0.33 2.23 
28.427999 -0.40 0.47 2.79 -0.40 -0.35 2.52 -0.52 0.14 2.63 -0.51 0.27 2.37 -0.24 0.14 2.66 -0.16 0.23 2.43 -0.41 0.36 2.18 -0.22 0.33 2.23 
28.461000 -0.40 0.47 2.79 -0.40 -0.34 2.51 -0.51 0.15 2.63 -0.51 0.27 2.37 -0.24 0.14 2.67 -0.15 0.22 2.43 -0.44 0.33 2.23 -0.22 0.33 2.23 
28.493999 -0.40 0.47 2.78 -0.40 -0.34 2.51 -0.51 0.15 2.62 -0.51 0.27 2.37 -0.24 0.14 2.66 -0.15 0.23 2.43 -0.40 0.37 2.16 -0.22 0.33 2.22 
28.528999 -0.40 0.46 2.78 -0.39 -0.34 2.50 -0.52 0.14 2.62 -0.51 0.27 2.37 -0.24 0.14 2.65 -0.15 0.23 2.42 -0.40 0.37 2.16 -0.22 0.34 2.21 
28.562000 -0.40 0.47 2.78 -0.39 -0.34 2.50 -0.51 0.15 2.62 -0.51 0.27 2.36 -0.24 0.14 2.65 -0.15 0.23 2.42 -0.42 0.35 2.18 -0.22 0.34 2.21 
28.596001 -0.40 0.47 2.77 -0.39 -0.34 2.50 -0.51 0.15 2.61 -0.51 0.28 2.36 -0.24 0.14 2.64 -0.15 0.23 2.42 -0.42 0.35 2.18 -0.22 0.34 2.20 
28.660000 -0.40 0.47 2.77 -0.39 -0.34 2.49 -0.51 0.15 2.62 -0.50 0.27 2.36 -0.24 0.14 2.64 -0.15 0.23 2.41 -0.41 0.36 2.17 -0.22 0.34 2.20 
28.694000 -0.40 0.47 2.76 -0.39 -0.34 2.49 -0.51 0.15 2.61 -0.50 0.28 2.35 -0.24 0.15 2.64 -0.15 0.23 2.41 -0.41 0.36 2.16 -0.22 0.34 2.20 
28.761000 -0.40 0.47 2.76 -0.39 -0.34 2.49 -0.51 0.15 2.60 -0.50 0.28 2.35 -0.24 0.15 2.63 -0.16 0.25 2.38 -0.39 0.37 2.15 -0.22 0.35 2.19 
28.862000 -0.40 0.47 2.76 -0.39 -0.34 2.48 -0.51 0.15 2.60 -0.50 0.28 2.34 -0.24 0.15 2.62 -0.16 0.25 2.39 -0.39 0.37 2.14 -0.22 0.35 2.19 
28.896000 -0.40 0.47 2.75 -0.39 -0.33 2.48 -0.51 0.16 2.60 -0.51 0.28 2.34 -0.24 0.16 2.62 -0.16 0.25 2.39 -0.40 0.37 2.14 -0.22 0.35 2.19 
28.927999 -0.41 0.48 2.75 -0.39 -0.33 2.48 -0.51 0.16 2.60 -0.51 0.28 2.34 -0.24 0.16 2.61 -0.16 0.26 2.38 -0.40 0.37 2.14 -0.22 0.35 2.19 
28.961000 -0.41 0.49 2.74 -0.39 -0.33 2.48 -0.50 0.17 2.58 -0.51 0.29 2.33 -0.24 0.16 2.61 -0.16 0.26 2.37 -0.40 0.37 2.14 -0.22 0.35 2.19 
29.028000 -0.41 0.49 2.74 -0.39 -0.33 2.48 -0.50 0.17 2.58 -0.51 0.29 2.32 -0.24 0.16 2.62 -0.16 0.26 2.37 -0.40 0.37 2.14 -0.22 0.35 2.19 
29.061001 -0.41 0.49 2.74 -0.39 -0.32 2.48 -0.50 0.17 2.58 -0.51 0.29 2.32 -0.23 0.17 2.61 -0.16 0.26 2.37 -0.40 0.37 2.13 -0.22 0.35 2.19 
29.094000 -0.41 0.49 2.74 -0.39 -0.32 2.48 -0.50 0.17 2.58 -0.51 0.29 2.32 -0.23 0.17 2.61 -0.16 0.25 2.38 -0.44 0.35 2.19 -0.21 0.35 2.19 
