4.621000 0.08 0.31 2.24 0.10 0.12 2.13 -0.01 0.16 2.01 -0.02 0.19 0.11 -0.11 0.03 -0.12 83.11 
4.653000 0.08 0.31 2.24 0.10 0.12 2.13 -0.02 0.17 2.00 -0.02 0.19 0.11 -0.12 0.05 -0.12 86.93 
4.687000 0.08 0.31 2.24 0.10 0.12 2.13 -0.03 0.19 2.00 -0.02 0.19 0.11 -0.12 0.07 -0.12 92.89 
4.721000 0.08 0.31 2.24 0.10 0.12 2.13 -0.03 0.20 2.00 -0.01 0.20 0.11 -0.13 0.09 -0.13 96.34 
4.789000 0.08 0.32 2.24 0.11 0.10 2.14 -0.03 0.20 2.01 -0.02 0.21 0.10 -0.14 0.10 -0.13 103.51 
4.821000 0.09 0.32 2.26 0.12 0.10 2.15 -0.02 0.20 2.01 -0.03 0.23 0.11 -0.14 0.10 -0.14 103.97 
4.856000 0.09 0.32 2.26 0.15 0.13 2.19 0.00 0.17 2.05 -0.05 0.19 0.07 -0.14 0.03 -0.14 95.40 
4.886000 0.09 0.32 2.26 0.15 0.09 2.18 0.00 0.16 2.05 -0.06 0.23 0.09 -0.14 0.07 -0.12 106.07 
4.920000 0.10 0.32 2.29 0.17 0.13 2.22 0.02 0.14 2.06 -0.06 0.18 0.06 -0.15 0.01 -0.16 90.85 
4.953000 0.10 0.32 2.29 0.16 0.08 2.19 0.01 0.11 2.05 -0.05 0.23 0.10 -0.15 0.03 -0.14 91.47 
4.987000 0.10 0.32 2.29 0.16 0.09 2.19 0.02 0.07 2.04 -0.06 0.23 0.10 -0.14 -0.01 -0.15 79.64 
5.021000 0.11 0.31 2.32 0.18 0.10 2.23 0.06 -0.02 2.10 -0.07 0.21 0.09 -0.12 -0.11 -0.13 56.62 
5.053000 0.11 0.31 2.33 0.17 0.11 2.30 0.10 0.01 2.13 -0.06 0.20 0.03 -0.08 -0.11 -0.17 60.86 
5.121000 0.12 0.31 2.34 0.16 0.11 2.32 0.11 -0.04 2.18 -0.04 0.20 0.03 -0.05 -0.15 -0.14 43.62 
5.154000 0.12 0.31 2.35 0.16 0.10 2.33 0.12 -0.07 2.19 -0.04 0.20 0.03 -0.04 -0.17 -0.13 38.52 
5.187000 0.12 0.31 2.36 0.16 0.09 2.34 0.13 -0.08 2.21 -0.05 0.21 0.02 -0.04 -0.18 -0.13 38.51 
5.221000 0.12 0.31 2.36 0.16 0.08 2.36 0.14 -0.11 2.23 -0.05 0.23 0.01 -0.03 -0.19 -0.13 37.32 
5.254000 0.12 0.31 2.37 0.16 0.07 2.37 0.15 -0.11 2.25 -0.05 0.24 0.00 -0.02 -0.19 -0.12 34.91 
5.286000 0.12 0.31 2.38 0.16 0.06 2.38 0.15 -0.13 2.28 -0.05 0.24 -0.00 -0.01 -0.19 -0.10 32.69 
5.319000 0.12 0.31 2.38 0.17 0.06 2.39 0.16 -0.14 2.30 -0.05 0.25 -0.01 -0.01 -0.20 -0.09 28.51 
5.353000 0.12 0.31 2.38 0.17 0.05 2.39 0.16 -0.15 2.32 -0.05 0.25 -0.01 -0.00 -0.20 -0.07 25.56 
5.420000 0.12 0.31 2.38 0.17 0.04 2.41 0.18 -0.18 2.36 -0.05 0.26 -0.02 0.01 -0.22 -0.04 18.19 
5.453000 0.12 0.31 2.38 0.18 0.04 2.41 0.19 -0.18 2.37 -0.05 0.27 -0.03 0.01 -0.22 -0.04 18.70 
5.487000 0.12 0.31 2.38 0.18 0.04 2.41 0.19 -0.18 2.37 -0.05 0.27 -0.03 0.01 -0.22 -0.04 17.63 
5.521000 0.13 0.31 2.38 0.18 0.04 2.41 0.20 -0.17 2.39 -0.05 0.27 -0.03 0.02 -0.21 -0.03 14.96 
5.652000 0.14 0.31 2.36 0.22 0.05 2.40 0.22 -0.18 2.39 -0.08 0.26 -0.04 0.01 -0.23 -0.01 18.02 
5.687000 0.14 0.31 2.36 0.22 0.05 2.40 0.23 -0.18 2.39 -0.08 0.25 -0.04 0.01 -0.24 -0.01 18.70 
5.752000 0.14 0.30 2.35 0.23 0.06 2.39 0.23 -0.18 2.38 -0.08 0.25 -0.04 0.00 -0.24 -0.01 20.38 
5.787000 0.14 0.30 2.34 0.23 0.06 2.37 0.23 -0.18 2.37 -0.09 0.24 -0.03 -0.00 -0.24 -0.00 21.10 
5.821000 0.14 0.30 2.34 0.23 0.06 2.36 0.22 -0.18 2.36 -0.09 0.24 -0.02 -0.01 -0.24 -0.00 22.10 
5.853000 0.14 0.31 2.33 0.23 0.07 2.35 0.22 -0.19 2.35 -0.09 0.24 -0.01 -0.01 -0.26 -0.00 23.66 
5.888000 0.14 0.31 2.33 0.23 0.07 2.34 0.21 -0.19 2.33 -0.09 0.24 -0.01 -0.02 -0.26 -0.01 25.49 
5.924000 0.14 0.31 2.33 0.22 0.07 2.33 0.20 -0.19 2.31 -0.09 0.23 -0.00 -0.03 -0.26 -0.02 26.39 
5.955000 0.13 0.31 2.33 0.22 0.07 2.32 0.19 -0.18 2.30 -0.08 0.23 0.01 -0.03 -0.26 -0.02 26.42 
5.990000 0.13 0.31 2.32 0.21 0.07 2.31 0.18 -0.18 2.29 -0.08 0.23 0.01 -0.03 -0.26 -0.02 25.99 
6.020000 0.13 0.30 2.32 0.21 0.08 2.31 0.17 -0.18 2.28 -0.08 0.23 0.02 -0.03 -0.26 -0.03 26.01 
6.053000 0.13 0.30 2.32 0.20 0.08 2.30 0.16 -0.18 2.26 -0.07 0.23 0.02 -0.04 -0.26 -0.04 27.09 
6.086000 0.12 0.30 2.32 0.19 0.08 2.29 0.14 -0.17 2.24 -0.07 0.22 0.03 -0.05 -0.25 -0.05 28.14 
6.121000 0.12 0.30 2.32 0.19 0.09 2.29 0.13 -0.15 2.22 -0.06 0.22 0.03 -0.06 -0.24 -0.06 30.88 
6.153000 0.12 0.30 2.32 0.18 0.09 2.28 0.10 -0.13 2.20 -0.06 0.21 0.04 -0.08 -0.22 -0.08 35.25 
6.186000 0.13 0.30 2.32 0.18 0.10 2.27 0.08 -0.10 2.17 -0.06 0.20 0.05 -0.10 -0.20 -0.10 42.61 
6.221000 0.13 0.30 2.32 0.18 0.11 2.27 0.08 -0.04 2.16 -0.06 0.20 0.06 -0.11 -0.15 -0.11 50.89 
6.254000 0.13 0.30 2.32 0.18 0.11 2.26 0.05 0.00 2.13 -0.06 0.20 0.06 -0.13 -0.11 -0.13 62.20 
6.285000 0.13 0.30 2.32 0.19 0.10 2.25 0.05 0.03 2.11 -0.06 0.20 0.07 -0.14 -0.07 -0.15 71.39 
6.321000 0.12 0.30 2.32 0.19 0.08 2.22 0.01 0.09 2.11 -0.07 0.22 0.10 -0.18 0.00 -0.11 91.44 
6.354000 0.12 0.30 2.32 0.18 0.12 2.23 0.01 0.14 2.09 -0.05 0.19 0.09 -0.16 0.02 -0.13 91.42 
6.387000 0.12 0.31 2.32 0.17 0.12 2.23 0.01 0.21 2.06 -0.05 0.19 0.09 -0.17 0.10 -0.17 101.70 
6.420000 0.12 0.31 2.31 0.17 0.13 2.22 0.02 0.22 2.08 -0.05 0.19 0.09 -0.15 0.10 -0.14 104.24 
6.452000 0.13 0.31 2.31 0.16 0.06 2.21 0.01 0.26 2.09 -0.03 0.25 0.10 -0.15 0.20 -0.13 124.44 
6.486000 0.13 0.31 2.32 0.17 0.13 2.21 0.03 0.24 2.10 -0.04 0.18 0.10 -0.14 0.12 -0.11 109.68 
6.520000 0.13 0.31 2.32 0.16 0.13 2.21 0.03 0.25 2.10 -0.03 0.18 0.11 -0.14 0.12 -0.11 108.62 
6.553000 0.13 0.31 2.32 0.16 0.13 2.21 0.03 0.25 2.10 -0.03 0.18 0.11 -0.14 0.12 -0.11 107.90 
6.586000 0.13 0.31 2.32 0.16 0.13 2.21 0.02 0.24 2.10 -0.03 0.18 0.11 -0.14 0.11 -0.11 106.56 
6.620000 0.13 0.31 2.32 0.18 0.08 2.20 0.03 0.22 2.09 -0.04 0.23 0.11 -0.14 0.15 -0.11 116.52 
6.653000 0.13 0.31 2.32 0.17 0.13 2.22 0.01 0.21 2.04 -0.03 0.19 0.10 -0.16 0.08 -0.17 93.59 
6.687000 0.13 0.31 2.32 0.17 0.13 2.22 0.02 0.16 2.07 -0.04 0.19 0.10 -0.15 0.03 -0.15 85.59 
6.721000 0.12 0.31 2.32 0.18 0.13 2.23 0.03 0.13 2.07 -0.05 0.19 0.09 -0.14 0.00 -0.16 82.30 
6.754000 0.12 0.31 2.32 0.18 0.12 2.23 0.05 0.07 2.08 -0.06 0.19 0.08 -0.13 -0.05 -0.16 70.09 
6.787000 0.12 0.31 2.32 0.17 0.10 2.23 0.05 -0.01 2.10 -0.05 0.21 0.09 -0.12 -0.11 -0.14 55.37 
6.820000 0.12 0.31 2.32 0.18 0.11 2.26 0.08 -0.00 2.12 -0.06 0.19 0.06 -0.10 -0.11 -0.14 56.92 
6.887000 0.12 0.30 2.32 0.18 0.11 2.27 0.11 -0.07 2.16 -0.06 0.19 0.06 -0.07 -0.18 -0.10 37.42 
6.920000 0.13 0.30 2.32 0.17 0.11 2.27 0.11 -0.12 2.18 -0.05 0.20 0.06 -0.06 -0.23 -0.09 27.61 
6.953000 0.13 0.30 2.33 0.17 0.10 2.27 0.13 -0.15 2.19 -0.04 0.21 0.05 -0.03 -0.24 -0.08 18.08 
6.986000 0.13 0.30 2.33 0.16 0.09 2.27 0.15 -0.15 2.21 -0.04 0.21 0.05 -0.02 -0.24 -0.06 13.27 
7.021000 0.13 0.30 2.32 0.16 0.08 2.28 0.18 -0.19 2.24 -0.03 0.23 0.05 0.02 -0.27 -0.04 5.65 
7.055000 0.13 0.30 2.32 0.16 0.07 2.28 0.18 -0.16 2.26 -0.03 0.23 0.04 0.02 -0.23 -0.03 4.17 
7.085000 0.13 0.30 2.32 0.16 0.06 2.29 0.20 -0.18 2.29 -0.04 0.25 0.03 0.04 -0.24 -0.00 7.53 
7.120000 0.13 0.30 2.32 0.17 0.04 2.30 0.20 -0.18 2.29 -0.04 0.26 0.03 0.04 -0.23 -0.00 4.67 
7.153000 0.13 0.30 2.32 0.17 0.03 2.30 0.21 -0.19 2.30 -0.04 0.27 0.02 0.04 -0.22 -0.00 2.81 
7.186000 0.13 0.30 2.32 0.18 0.03 2.31 0.22 -0.18 2.30 -0.05 0.27 0.01 0.04 -0.21 -0.01 1.86 
7.221000 0.13 0.30 2.32 0.18 0.03 2.31 0.22 -0.18 2.31 -0.04 0.27 0.01 0.04 -0.21 -0.01 2.22 
7.253000 0.14 0.30 2.32 0.18 0.03 2.32 0.22 -0.18 2.31 -0.04 0.28 0.01 0.04 -0.21 -0.01 3.27 
7.286000 0.14 0.30 2.33 0.18 0.02 2.32 0.22 -0.19 2.31 -0.04 0.28 0.01 0.04 -0.21 -0.01 3.83 
7.320000 0.14 0.30 2.33 0.18 0.02 2.31 0.22 -0.19 2.30 -0.04 0.28 0.01 0.04 -0.21 -0.01 2.30 
7.433000 0.14 0.30 2.33 0.18 0.06 2.31 0.17 -0.16 2.22 -0.04 0.25 0.02 -0.02 -0.21 -0.09 21.26 
7.494000 0.15 0.30 2.33 0.18 0.07 2.31 0.13 -0.09 2.19 -0.04 0.23 0.03 -0.05 -0.17 -0.12 36.74 
7.521000 0.15 0.30 2.34 0.19 0.08 2.31 0.12 -0.07 2.18 -0.03 0.22 0.03 -0.07 -0.15 -0.13 41.79 
7.554000 0.16 0.30 2.34 0.19 0.09 2.31 0.08 -0.03 2.13 -0.03 0.21 0.03 -0.11 -0.13 -0.18 56.20 
7.587000 0.16 0.30 2.34 0.15 0.05 2.32 0.11 0.03 2.11 0.01 0.25 0.02 -0.04 -0.02 -0.21 79.58 
7.621000 0.16 0.30 2.34 0.20 0.10 2.30 0.07 0.06 2.13 -0.04 0.20 0.05 -0.13 -0.04 -0.16 77.10 
7.654000 0.16 0.30 2.34 0.20 0.10 2.29 0.07 0.13 2.13 -0.04 0.20 0.05 -0.13 0.03 -0.17 91.51 
7.721000 0.16 0.30 2.34 0.19 0.10 2.29 0.06 0.13 2.12 -0.03 0.20 0.06 -0.13 0.03 -0.17 90.94 
7.754000 0.16 0.30 2.34 0.19 0.10 2.28 0.04 0.23 2.14 -0.03 0.20 0.06 -0.15 0.13 -0.14 114.98 
7.786000 0.16 0.30 2.34 0.18 0.10 2.27 0.07 0.22 2.16 -0.02 0.20 0.07 -0.11 0.11 -0.11 114.85 
7.821000 0.16 0.30 2.34 0.18 0.10 2.27 0.09 0.21 2.17 -0.02 0.20 0.07 -0.09 0.11 -0.09 116.95 
7.853000 0.16 0.30 2.34 0.18 0.10 2.27 0.06 0.23 2.15 -0.02 0.20 0.07 -0.12 0.13 -0.11 115.43 
7.953000 0.16 0.30 2.34 0.18 0.10 2.27 0.06 0.19 2.13 -0.02 0.20 0.07 -0.13 0.09 -0.14 104.41 
7.987000 0.17 0.30 2.34 0.18 0.10 2.27 0.06 0.18 2.12 -0.02 0.20 0.07 -0.13 0.08 -0.15 99.93 
8.021000 0.16 0.30 2.34 0.19 0.10 2.28 0.06 0.13 2.11 -0.02 0.20 0.07 -0.13 0.03 -0.17 87.85 
8.054000 0.16 0.30 2.34 0.19 0.10 2.28 0.08 0.08 2.10 -0.02 0.20 0.06 -0.11 -0.02 -0.18 73.65 
8.088000 0.16 0.30 2.34 0.15 0.07 2.30 0.07 0.04 2.08 0.01 0.23 0.04 -0.08 -0.03 -0.22 73.21 
8.121000 0.16 0.30 2.34 0.21 0.10 2.32 0.11 0.01 2.13 -0.05 0.20 0.03 -0.10 -0.09 -0.19 67.75 
8.154000 0.16 0.30 2.34 0.19 0.10 2.30 0.12 -0.04 2.16 -0.03 0.20 0.05 -0.07 -0.14 -0.14 42.75 
8.187000 0.16 0.30 2.35 0.18 0.10 2.30 0.13 -0.06 2.16 -0.02 0.20 0.05 -0.05 -0.16 -0.13 31.34 
8.221000 0.16 0.30 2.34 0.18 0.10 2.29 0.15 -0.11 2.18 -0.02 0.20 0.05 -0.03 -0.21 -0.11 18.49 
8.254000 0.16 0.30 2.34 0.17 0.08 2.29 0.16 -0.13 2.20 -0.01 0.22 0.05 -0.01 -0.21 -0.09 10.85 
8.286000 0.16 0.30 2.34 0.17 0.07 2.29 0.18 -0.18 2.23 -0.01 0.23 0.05 0.01 -0.25 -0.06 0.58 
8.352000 0.16 0.30 2.34 0.17 0.05 2.30 0.20 -0.18 2.29 -0.01 0.25 0.05 0.03 -0.23 -0.01 10.08 
8.387000 0.16 0.30 2.34 0.17 0.04 2.30 0.20 -0.17 2.30 -0.01 0.26 0.04 0.03 -0.21 -0.00 10.32 
8.420000 0.16 0.30 2.34 0.17 0.03 2.30 0.20 -0.17 2.31 -0.01 0.27 0.03 0.03 -0.20 0.01 12.09 
8.454000 0.16 0.30 2.34 0.17 0.02 2.31 0.21 -0.17 2.32 -0.01 0.28 0.03 0.04 -0.20 0.01 12.00 
8.487000 0.16 0.30 2.34 0.17 0.02 2.31 0.21 -0.17 2.32 -0.01 0.28 0.03 0.04 -0.20 0.01 11.68 
8.521000 0.16 0.30 2.34 0.17 0.02 2.31 0.21 -0.17 2.32 -0.01 0.28 0.03 0.04 -0.20 0.01 11.85 
8.553000 0.16 0.30 2.34 0.17 0.03 2.31 0.21 -0.17 2.32 -0.01 0.28 0.03 0.04 -0.20 0.01 11.48 
8.620000 0.16 0.30 2.34 0.17 0.03 2.30 0.20 -0.18 2.28 -0.01 0.28 0.03 0.03 -0.21 -0.03 4.53 
8.654000 0.16 0.30 2.34 0.17 0.04 2.30 0.18 -0.16 2.25 -0.01 0.27 0.04 0.01 -0.20 -0.05 6.10 
8.686000 0.16 0.30 2.34 0.17 0.05 2.30 0.17 -0.15 2.23 -0.01 0.25 0.04 -0.00 -0.20 -0.07 12.03 
8.721000 0.16 0.30 2.34 0.17 0.05 2.30 0.15 -0.13 2.20 -0.01 0.25 0.04 -0.01 -0.18 -0.10 20.08 
8.752000 0.16 0.30 2.34 0.17 0.07 2.30 0.14 -0.10 2.18 -0.01 0.23 0.04 -0.03 -0.17 -0.12 26.48 
8.786000 0.16 0.31 2.34 0.17 0.09 2.30 0.12 -0.07 2.17 -0.01 0.22 0.04 -0.05 -0.16 -0.13 34.04 
8.820000 0.16 0.31 2.34 0.17 0.10 2.31 0.09 -0.04 2.13 -0.01 0.21 0.04 -0.08 -0.13 -0.18 46.72 
8.886000 0.16 0.31 2.34 0.17 0.10 2.30 0.07 0.05 2.13 -0.01 0.20 0.04 -0.10 -0.06 -0.18 67.13 
8.921000 0.16 0.31 2.34 0.17 0.10 2.30 0.05 0.09 2.12 -0.01 0.20 0.05 -0.12 -0.01 -0.17 78.09 
8.953000 0.16 0.31 2.34 0.16 0.11 2.28 0.04 0.17 2.12 -0.00 0.20 0.06 -0.12 0.06 -0.16 93.20 
8.986000 0.16 0.31 2.34 0.16 0.11 2.28 0.05 0.20 2.13 -0.00 0.20 0.06 -0.12 0.10 -0.15 103.19 
9.020000 0.16 0.31 2.34 0.16 0.09 2.27 0.04 0.24 2.14 -0.00 0.22 0.07 -0.12 0.16 -0.13 118.29 
9.054000 0.16 0.31 2.34 0.16 0.08 2.26 0.03 0.29 2.13 -0.00 0.22 0.07 -0.13 0.21 -0.13 123.91 
9.086000 0.16 0.31 2.34 0.16 0.08 2.26 0.05 0.27 2.15 -0.00 0.22 0.07 -0.11 0.19 -0.11 125.84 
9.120000 0.16 0.31 2.34 0.15 0.08 2.27 0.05 0.27 2.15 0.00 0.23 0.07 -0.11 0.19 -0.12 127.40 
9.154000 0.16 0.31 2.34 0.15 0.08 2.31 0.05 0.27 2.15 0.00 0.23 0.03 -0.11 0.19 -0.15 129.43 
9.186000 0.16 0.31 2.34 0.15 0.08 2.27 0.05 0.27 2.15 0.00 0.23 0.06 -0.10 0.19 -0.12 126.77 
9.222000 0.16 0.31 2.34 0.15 0.08 2.27 0.04 0.26 2.15 0.00 0.23 0.06 -0.11 0.18 -0.12 125.16 
9.254000 0.16 0.31 2.34 0.15 0.10 2.27 0.04 0.24 2.15 0.00 0.21 0.06 -0.11 0.14 -0.12 116.20 
9.285000 0.16 0.31 2.34 0.15 0.10 2.27 0.04 0.20 2.12 0.00 0.20 0.07 -0.11 0.10 -0.15 103.92 
9.319000 0.16 0.31 2.34 0.15 0.11 2.27 0.04 0.18 2.11 0.00 0.20 0.07 -0.12 0.07 -0.16 94.20 
9.386000 0.15 0.31 2.34 0.16 0.09 2.30 0.05 0.15 2.11 -0.00 0.21 0.04 -0.10 0.06 -0.19 95.04 
9.453000 0.15 0.31 2.34 0.16 0.10 2.30 0.05 0.12 2.10 -0.00 0.20 0.04 -0.11 0.02 -0.20 84.50 
9.487000 0.15 0.31 2.34 0.16 0.10 2.30 0.11 -0.04 2.15 -0.00 0.20 0.04 -0.05 -0.14 -0.15 37.12 
9.520000 0.15 0.31 2.34 0.16 0.10 2.30 0.12 -0.06 2.16 -0.00 0.21 0.05 -0.04 -0.16 -0.13 28.70 
9.554000 0.15 0.31 2.34 0.16 0.10 2.30 0.13 -0.08 2.17 -0.00 0.21 0.05 -0.03 -0.18 -0.12 22.78 
9.586000 0.15 0.31 2.34 0.16 0.08 2.29 0.14 -0.12 2.20 -0.00 0.22 0.05 -0.01 -0.21 -0.09 10.85 
9.621000 0.15 0.31 2.34 0.16 0.07 2.29 0.15 -0.14 2.22 -0.00 0.23 0.05 -0.01 -0.21 -0.07 7.67 
9.654000 0.15 0.31 2.34 0.16 0.06 2.29 0.17 -0.17 2.25 -0.01 0.25 0.05 0.02 -0.23 -0.05 2.87 
9.687000 0.15 0.31 2.34 0.16 0.05 2.30 0.18 -0.18 2.27 -0.01 0.26 0.04 0.02 -0.23 -0.03 4.61 
9.720000 0.15 0.31 2.34 0.16 0.04 2.30 0.19 -0.18 2.29 -0.01 0.26 0.04 0.03 -0.22 -0.01 8.53 
9.753000 0.15 0.31 2.34 0.16 0.03 2.31 0.19 -0.17 2.30 -0.00 0.28 0.03 0.04 -0.20 -0.01 10.25 
9.786000 0.15 0.31 2.34 0.16 0.03 2.31 0.20 -0.17 2.31 -0.01 0.28 0.03 0.04 -0.20 -0.00 11.36 
9.820000 0.15 0.31 2.34 0.16 0.03 2.31 0.20 -0.17 2.31 -0.00 0.28 0.03 0.04 -0.20 0.00 11.52 
9.853000 0.15 0.30 2.34 0.16 0.03 2.31 0.20 -0.17 2.31 -0.00 0.28 0.03 0.04 -0.20 0.00 11.52 
9.886000 0.15 0.30 2.34 0.16 0.03 2.31 0.20 -0.17 2.31 -0.01 0.28 0.03 0.04 -0.20 -0.00 10.41 
9.921000 0.15 0.30 2.34 0.16 0.03 2.31 0.19 -0.18 2.30 -0.01 0.28 0.03 0.03 -0.20 -0.01 7.48 
9.954000 0.15 0.30 2.34 0.16 0.03 2.31 0.18 -0.18 2.29 -0.01 0.27 0.03 0.02 -0.21 -0.02 4.54 
9.987000 0.15 0.30 2.34 0.16 0.04 2.31 0.17 -0.18 2.26 -0.01 0.27 0.03 0.01 -0.22 -0.05 5.58 
10.021000 0.15 0.30 2.34 0.16 0.04 2.31 0.15 -0.15 2.23 -0.01 0.26 0.03 -0.01 -0.19 -0.08 15.34 
10.054000 0.15 0.30 2.34 0.16 0.05 2.31 0.15 -0.13 2.22 -0.01 0.25 0.03 -0.01 -0.19 -0.09 20.06 
10.086000 0.15 0.31 2.34 0.16 0.06 2.31 0.13 -0.10 2.18 -0.01 0.24 0.03 -0.03 -0.16 -0.13 31.11 
10.120000 0.15 0.31 2.34 0.16 0.07 2.31 0.12 -0.08 2.17 -0.01 0.23 0.03 -0.04 -0.15 -0.14 35.64 
10.153000 0.15 0.31 2.34 0.16 0.09 2.32 0.11 -0.04 2.15 -0.00 0.22 0.03 -0.04 -0.12 -0.16 46.78 
10.186000 0.15 0.30 2.35 0.16 0.10 2.32 0.11 -0.00 2.14 -0.01 0.21 0.03 -0.05 -0.10 -0.18 53.27 
10.220000 0.15 0.30 2.35 0.16 0.09 2.32 0.08 0.05 2.10 -0.01 0.22 0.03 -0.08 -0.03 -0.23 75.25 
10.253000 0.15 0.30 2.35 0.16 0.10 2.31 0.08 0.10 2.12 -0.01 0.21 0.04 -0.09 0.00 -0.19 81.88 
10.288000 0.15 0.31 2.35 0.17 0.10 2.30 0.07 0.15 2.12 -0.01 0.21 0.05 -0.10 0.06 -0.18 95.34 
10.319000 0.15 0.31 2.35 0.16 0.10 2.28 0.06 0.22 2.13 -0.00 0.20 0.07 -0.10 0.12 -0.15 106.88 
10.354000 0.15 0.31 2.35 0.15 0.10 2.28 0.09 0.21 2.18 -0.00 0.20 0.07 -0.07 0.11 -0.10 116.27 
10.386000 0.15 0.31 2.34 0.15 0.11 2.28 0.05 0.28 2.16 -0.00 0.20 0.07 -0.10 0.18 -0.12 122.81 
10.421000 0.15 0.30 2.34 0.15 0.11 2.27 0.05 0.31 2.17 -0.00 0.20 0.07 -0.11 0.21 -0.10 130.22 
10.454000 0.15 0.30 2.34 0.15 0.10 2.27 0.05 0.31 2.18 -0.00 0.20 0.06 -0.10 0.21 -0.10 132.50 
10.486000 0.15 0.30 2.34 0.15 0.10 2.28 0.05 0.31 2.18 -0.00 0.20 0.06 -0.10 0.21 -0.09 134.37 
10.520000 0.15 0.30 2.34 0.15 0.10 2.28 0.05 0.32 2.18 -0.00 0.20 0.06 -0.10 0.21 -0.09 134.81 
10.553000 0.15 0.30 2.34 0.15 0.10 2.28 0.05 0.32 2.18 -0.00 0.20 0.06 -0.10 0.21 -0.10 134.25 
10.586000 0.15 0.30 2.34 0.15 0.10 2.28 0.03 0.32 2.16 -0.00 0.20 0.06 -0.12 0.22 -0.12 130.05 
10.619000 0.15 0.30 2.34 0.15 0.10 2.28 0.04 0.31 2.13 0.00 0.20 0.06 -0.11 0.21 -0.15 122.80 
10.653000 0.15 0.30 2.34 0.15 0.10 2.27 0.08 0.21 2.16 0.00 0.20 0.06 -0.07 0.11 -0.12 113.10 
10.686000 0.15 0.30 2.34 0.14 0.11 2.27 0.04 0.24 2.09 0.01 0.20 0.07 -0.10 0.13 -0.17 104.65 
10.719000 0.15 0.31 2.34 0.14 0.11 2.25 0.03 0.16 2.07 0.02 0.19 0.09 -0.11 0.04 -0.18 77.96 
10.752000 0.15 0.31 2.34 0.17 0.10 2.29 0.07 0.12 2.11 -0.02 0.20 0.05 -0.10 0.01 -0.19 83.09 
10.785000 0.15 0.31 2.35 0.16 0.10 2.31 0.08 0.09 2.10 -0.01 0.21 0.04 -0.08 -0.01 -0.21 77.49 
10.820000 0.15 0.31 2.35 0.17 0.11 2.38 0.10 0.06 2.11 -0.03 0.20 -0.03 -0.07 -0.05 -0.27 90.51 
10.853000 0.15 0.31 2.35 0.16 0.11 2.31 0.10 0.02 2.10 -0.02 0.20 0.04 -0.07 -0.08 -0.21 59.94 
10.921000 0.15 0.31 2.35 0.16 0.10 2.30 0.12 -0.05 2.16 -0.01 0.21 0.05 -0.04 -0.15 -0.14 31.49 
10.953000 0.15 0.31 2.35 0.16 0.10 2.30 0.13 -0.06 2.17 -0.01 0.21 0.05 -0.03 -0.16 -0.13 26.65 
10.986000 0.15 0.31 2.35 0.16 0.10 2.30 0.14 -0.09 2.20 -0.01 0.21 0.05 -0.02 -0.18 -0.10 16.32 
11.020000 0.15 0.31 2.35 0.15 0.09 2.30 0.14 -0.11 2.21 -0.01 0.22 0.06 -0.01 -0.19 -0.09 10.90 
11.087000 0.15 0.31 2.35 0.15 0.07 2.30 0.17 -0.15 2.26 -0.01 0.24 0.06 0.02 -0.22 -0.03 6.93 
11.121000 0.15 0.31 2.35 0.15 0.06 2.30 0.18 -0.16 2.28 -0.01 0.25 0.05 0.03 -0.22 -0.02 9.93 
11.154000 0.14 0.31 2.35 0.15 0.04 2.30 0.19 -0.17 2.29 -0.00 0.27 0.05 0.04 -0.20 -0.01 12.29 
11.187000 0.14 0.31 2.35 0.15 0.03 2.31 0.19 -0.16 2.31 -0.01 0.28 0.04 0.04 -0.20 -0.00 13.37 
11.220000 0.14 0.31 2.35 0.16 0.04 2.31 0.19 -0.16 2.32 -0.01 0.28 0.04 0.04 -0.20 0.00 11.43 
11.286000 0.14 0.31 2.35 0.16 0.04 2.32 0.20 -0.16 2.32 -0.01 0.27 0.03 0.04 -0.20 0.00 11.86 
11.391000 0.14 0.31 2.35 0.16 0.04 2.31 0.20 -0.16 2.31 -0.02 0.28 0.04 0.04 -0.20 -0.01 10.50 
11.422000 0.14 0.31 2.35 0.16 0.04 2.31 0.20 -0.16 2.30 -0.02 0.27 0.04 0.04 -0.20 -0.02 7.78 
11.454000 0.14 0.31 2.35 0.16 0.04 2.31 0.19 -0.17 2.28 -0.02 0.27 0.04 0.03 -0.21 -0.03 4.35 
11.487000 0.14 0.31 2.35 0.16 0.05 2.31 0.18 -0.15 2.27 -0.02 0.26 0.04 0.02 -0.20 -0.04 4.12 
11.554000 0.14 0.31 2.35 0.16 0.06 2.31 0.15 -0.13 2.23 -0.02 0.25 0.04 -0.01 -0.19 -0.08 17.37 
11.586000 0.15 0.31 2.35 0.16 0.06 2.31 0.14 -0.12 2.21 -0.01 0.25 0.04 -0.02 -0.18 -0.10 22.49 
11.620000 0.15 0.31 2.35 0.16 0.08 2.31 0.12 -0.09 2.19 -0.01 0.23 0.04 -0.03 -0.16 -0.12 30.46 
11.653000 0.15 0.31 2.35 0.16 0.09 2.31 0.11 -0.06 2.17 -0.01 0.22 0.04 -0.05 -0.15 -0.14 36.51 
11.686000 0.15 0.31 2.35 0.16 0.11 2.32 0.10 -0.02 2.16 -0.02 0.21 0.04 -0.06 -0.13 -0.16 46.30 
11.720000 0.15 0.31 2.35 0.16 0.11 2.31 0.09 0.00 2.15 -0.02 0.20 0.04 -0.07 -0.11 -0.17 52.68 
11.752000 0.15 0.31 2.35 0.18 0.10 2.26 0.06 0.06 2.05 -0.03 0.22 0.09 -0.12 -0.03 -0.21 66.63 
11.786000 0.15 0.31 2.35 0.17 0.11 2.30 0.06 0.08 2.12 -0.03 0.20 0.05 -0.11 -0.03 -0.18 74.03 
11.821000 0.15 0.31 2.35 0.17 0.11 2.29 0.06 0.17 2.11 -0.02 0.20 0.06 -0.10 0.05 -0.17 92.65 
11.854000 0.15 0.31 2.35 0.16 0.12 2.27 0.07 0.23 2.12 -0.01 0.20 0.07 -0.09 0.11 -0.15 105.52 
11.886000 0.15 0.31 2.34 0.17 0.11 2.29 0.09 0.22 2.17 -0.02 0.20 0.06 -0.08 0.11 -0.12 117.16 
11.921000 0.15 0.31 2.34 0.16 0.11 2.29 0.09 0.25 2.18 -0.01 0.20 0.06 -0.08 0.14 -0.10 125.63 
11.954000 0.15 0.31 2.34 0.16 0.11 2.28 0.09 0.25 2.18 -0.01 0.20 0.05 -0.08 0.14 -0.10 126.89 
11.986000 0.15 0.31 2.34 0.16 0.11 2.28 0.05 0.31 2.17 -0.01 0.20 0.05 -0.11 0.20 -0.12 132.12 
12.020000 0.15 0.31 2.34 0.16 0.11 2.28 0.05 0.31 2.17 -0.01 0.20 0.05 -0.11 0.20 -0.12 132.35 
12.053000 0.15 0.31 2.34 0.16 0.11 2.28 0.05 0.31 2.17 -0.01 0.20 0.05 -0.11 0.20 -0.12 131.96 
12.119000 0.15 0.31 2.34 0.16 0.06 2.30 0.06 0.27 2.15 -0.01 0.25 0.04 -0.10 0.21 -0.15 133.70 
12.154000 0.15 0.31 2.34 0.15 0.11 2.28 0.09 0.21 2.18 -0.00 0.20 0.06 -0.07 0.11 -0.10 116.54 
12.186000 0.15 0.31 2.34 0.15 0.11 2.28 0.05 0.25 2.11 -0.00 0.20 0.06 -0.11 0.14 -0.17 110.37 
12.221000 0.15 0.31 2.34 0.16 0.11 2.29 0.04 0.16 2.12 -0.01 0.21 0.05 -0.12 0.05 -0.17 93.24 
12.254000 0.15 0.31 2.35 0.17 0.11 2.29 0.06 0.12 2.11 -0.02 0.20 0.05 -0.10 0.01 -0.18 82.12 
12.287000 0.15 0.31 2.35 0.17 0.11 2.29 0.08 0.06 2.10 -0.02 0.20 0.06 -0.09 -0.05 -0.18 64.62 
12.320000 0.15 0.31 2.35 0.17 0.11 2.30 0.09 -0.00 2.14 -0.02 0.20 0.05 -0.08 -0.12 -0.16 46.78 
12.353000 0.15 0.31 2.35 0.17 0.11 2.30 0.10 -0.02 2.16 -0.02 0.20 0.05 -0.07 -0.13 -0.14 41.67 
12.387000 0.15 0.31 2.35 0.17 0.11 2.31 0.12 -0.04 2.18 -0.02 0.20 0.04 -0.05 -0.16 -0.13 32.92 
12.420000 0.15 0.31 2.35 0.16 0.11 2.31 0.12 -0.07 2.20 -0.02 0.21 0.04 -0.04 -0.18 -0.11 25.19 
12.453000 0.15 0.31 2.35 0.16 0.09 2.31 0.13 -0.09 2.20 -0.01 0.22 0.04 -0.03 -0.19 -0.11 22.19 
12.486000 0.15 0.31 2.35 0.16 0.08 2.31 0.14 -0.13 2.23 -0.01 0.23 0.04 -0.01 -0.21 -0.08 12.31 
12.522000 0.15 0.31 2.35 0.16 0.07 2.31 0.16 -0.16 2.25 -0.01 0.24 0.04 0.01 -0.23 -0.06 5.55 
12.557000 0.15 0.31 2.35 0.16 0.06 2.31 0.18 -0.18 2.28 -0.01 0.25 0.04 0.02 -0.24 -0.03 3.29 
12.588000 0.15 0.31 2.35 0.16 0.05 2.31 0.20 -0.18 2.30 -0.01 0.26 0.04 0.03 -0.23 -0.01 7.58 
12.621000 0.15 0.31 2.35 0.16 0.04 2.32 0.20 -0.17 2.32 -0.01 0.27 0.03 0.04 -0.21 0.00 12.27 
12.654000 0.15 0.31 2.35 0.16 0.04 2.32 0.21 -0.17 2.33 -0.02 0.28 0.03 0.05 -0.21 0.01 12.93 
12.687000 0.15 0.31 2.35 0.17 0.04 2.32 0.21 -0.17 2.34 -0.02 0.28 0.02 0.05 -0.21 0.01 12.74 
12.720000 0.15 0.31 2.35 0.17 0.04 2.33 0.22 -0.18 2.34 -0.02 0.28 0.02 0.05 -0.21 0.02 12.88 
12.753000 0.15 0.31 2.35 0.17 0.04 2.33 0.22 -0.18 2.34 -0.02 0.27 0.02 0.05 -0.21 0.02 12.36 
12.787000 0.15 0.31 2.35 0.17 0.04 2.33 0.22 -0.17 2.34 -0.02 0.27 0.02 0.05 -0.21 0.02 12.29 
12.821000 0.15 0.31 2.35 0.17 0.04 2.33 0.22 -0.17 2.34 -0.02 0.27 0.02 0.05 -0.21 0.01 11.42 
12.853000 0.15 0.31 2.35 0.17 0.04 2.33 0.21 -0.17 2.32 -0.02 0.27 0.02 0.04 -0.20 -0.00 7.52 
12.887000 0.15 0.31 2.35 0.17 0.04 2.32 0.20 -0.17 2.30 -0.02 0.27 0.02 0.03 -0.21 -0.02 3.92 
12.921000 0.15 0.31 2.35 0.17 0.04 2.32 0.18 -0.16 2.27 -0.02 0.27 0.02 0.01 -0.20 -0.05 10.05 
12.953000 0.15 0.31 2.35 0.16 0.05 2.32 0.17 -0.16 2.25 -0.01 0.26 0.03 0.00 -0.20 -0.07 12.78 
12.987000 0.15 0.31 2.35 0.16 0.05 2.32 0.14 -0.13 2.23 -0.01 0.26 0.03 -0.02 -0.19 -0.09 20.85 
13.021000 0.15 0.31 2.35 0.16 0.06 2.32 0.13 -0.12 2.22 -0.01 0.25 0.03 -0.02 -0.18 -0.10 24.44 
13.054000 0.15 0.31 2.35 0.16 0.08 2.32 0.12 -0.09 2.20 -0.01 0.23 0.03 -0.04 -0.16 -0.12 31.83 
13.087000 0.15 0.31 2.35 0.16 0.09 2.32 0.11 -0.06 2.18 -0.01 0.22 0.03 -0.05 -0.15 -0.14 38.73 
13.152000 0.15 0.31 2.35 0.17 0.11 2.31 0.10 0.00 2.14 -0.02 0.20 0.03 -0.06 -0.10 -0.17 54.31 
13.186000 0.15 0.31 2.35 0.17 0.11 2.31 0.09 0.04 2.13 -0.02 0.20 0.04 -0.08 -0.07 -0.18 64.12 
13.220000 0.14 0.31 2.35 0.17 0.10 2.30 0.06 0.10 2.12 -0.02 0.20 0.05 -0.11 -0.00 -0.18 81.36 
13.254000 0.15 0.31 2.34 0.16 0.10 2.28 0.05 0.18 2.12 -0.01 0.21 0.07 -0.11 0.08 -0.16 98.78 
13.287000 0.15 0.31 2.34 0.16 0.10 2.27 0.06 0.23 2.14 -0.01 0.21 0.07 -0.10 0.13 -0.13 114.91 
13.321000 0.15 0.31 2.34 0.16 0.10 2.27 0.06 0.24 2.15 -0.01 0.21 0.06 -0.10 0.14 -0.12 117.76 
13.353000 0.15 0.31 2.34 0.16 0.10 2.27 0.06 0.24 2.15 -0.01 0.21 0.06 -0.09 0.14 -0.12 120.13 
13.387000 0.15 0.31 2.33 0.16 0.10 2.27 0.06 0.24 2.16 -0.01 0.21 0.05 -0.09 0.14 -0.12 122.93 
13.421000 0.15 0.31 2.33 0.16 0.10 2.27 0.07 0.25 2.16 -0.01 0.21 0.05 -0.09 0.15 -0.11 124.19 
13.454000 0.15 0.31 2.33 0.16 0.10 2.27 0.06 0.25 2.16 -0.01 0.21 0.05 -0.09 0.15 -0.11 124.53 
13.486000 0.15 0.31 2.33 0.16 0.10 2.27 0.06 0.25 2.16 -0.01 0.21 0.05 -0.09 0.15 -0.11 124.31 
13.521000 0.15 0.31 2.33 0.15 0.10 2.27 0.06 0.27 2.14 -0.01 0.21 0.05 -0.10 0.17 -0.14 122.99 
13.587000 0.15 0.31 2.33 0.15 0.10 2.27 0.08 0.20 2.17 -0.01 0.21 0.05 -0.07 0.10 -0.11 117.22 
13.629000 0.15 0.31 2.33 0.16 0.10 2.27 0.05 0.21 2.13 -0.01 0.21 0.06 -0.10 0.11 -0.15 108.42 
13.656000 0.15 0.31 2.33 0.16 0.10 2.28 0.05 0.16 2.11 -0.02 0.21 0.05 -0.11 0.06 -0.17 97.36 
13.721000 0.15 0.31 2.34 0.18 0.11 2.30 0.06 0.14 2.13 -0.04 0.20 0.04 -0.12 0.04 -0.17 95.18 
13.754000 0.15 0.31 2.34 0.18 0.11 2.30 0.09 0.03 2.10 -0.03 0.20 0.05 -0.09 -0.08 -0.20 63.32 
13.787000 0.15 0.31 2.35 0.18 0.11 2.30 0.11 -0.03 2.16 -0.03 0.20 0.04 -0.07 -0.13 -0.15 44.47 
13.820000 0.15 0.31 2.35 0.18 0.11 2.31 0.13 -0.05 2.18 -0.03 0.20 0.04 -0.05 -0.16 -0.12 34.46 
13.853000 0.15 0.31 2.35 0.17 0.09 2.31 0.14 -0.07 2.20 -0.03 0.21 0.03 -0.04 -0.17 -0.12 30.85 
13.886000 0.15 0.31 2.35 0.17 0.09 2.31 0.15 -0.11 2.22 -0.02 0.22 0.03 -0.03 -0.19 -0.10 23.47 
13.921000 0.15 0.31 2.34 0.17 0.07 2.32 0.16 -0.14 2.23 -0.02 0.24 0.03 -0.02 -0.20 -0.09 18.70 
13.953000 0.15 0.30 2.34 0.17 0.06 2.32 0.17 -0.16 2.25 -0.02 0.24 0.03 -0.00 -0.22 -0.07 12.83 
13.986000 0.15 0.30 2.34 0.17 0.05 2.32 0.19 -0.17 2.28 -0.02 0.25 0.03 0.01 -0.22 -0.04 4.71 
14.021000 0.15 0.30 2.34 0.17 0.03 2.32 0.20 -0.19 2.30 -0.02 0.27 0.02 0.03 -0.22 -0.02 5.46 
14.053000 0.15 0.30 2.34 0.17 0.03 2.32 0.21 -0.19 2.32 -0.02 0.27 0.02 0.04 -0.21 -0.01 7.79 
14.121000 0.15 0.30 2.34 0.17 0.03 2.33 0.22 -0.18 2.33 -0.02 0.27 0.02 0.05 -0.21 0.01 10.64 
14.154000 0.15 0.30 2.34 0.17 0.03 2.33 0.22 -0.18 2.34 -0.02 0.27 0.01 0.05 -0.21 0.01 10.06 
14.187000 0.15 0.30 2.34 0.18 0.03 2.33 0.23 -0.18 2.34 -0.03 0.27 0.01 0.05 -0.21 0.00 8.09 
14.220000 0.15 0.30 2.34 0.18 0.03 2.33 0.23 -0.18 2.33 -0.03 0.27 0.01 0.05 -0.21 0.00 7.74 
14.286000 0.15 0.30 2.34 0.18 0.03 2.33 0.23 -0.18 2.32 -0.03 0.27 0.01 0.05 -0.21 -0.01 6.41 
14.321000 0.15 0.30 2.35 0.18 0.03 2.33 0.22 -0.18 2.31 -0.03 0.27 0.02 0.04 -0.21 -0.02 4.55 
14.387000 0.15 0.30 2.35 0.18 0.03 2.33 0.20 -0.17 2.26 -0.03 0.27 0.02 0.01 -0.20 -0.07 14.28 
14.421000 0.15 0.30 2.35 0.18 0.04 2.33 0.18 -0.15 2.24 -0.03 0.26 0.02 0.00 -0.20 -0.09 20.42 
14.454000 0.15 0.30 2.35 0.18 0.05 2.33 0.17 -0.14 2.23 -0.02 0.25 0.02 -0.01 -0.19 -0.10 24.87 
14.487000 0.15 0.30 2.35 0.18 0.06 2.33 0.15 -0.10 2.20 -0.02 0.24 0.02 -0.03 -0.16 -0.13 35.25 
14.521000 0.16 0.30 2.35 0.18 0.07 2.33 0.13 -0.08 2.19 -0.02 0.23 0.02 -0.04 -0.16 -0.13 38.29 
14.554000 0.16 0.30 2.35 0.18 0.09 2.33 0.13 -0.04 2.16 -0.02 0.22 0.02 -0.05 -0.12 -0.17 51.81 
14.620000 0.16 0.31 2.35 0.19 0.10 2.32 0.09 0.06 2.11 -0.04 0.20 0.03 -0.11 -0.05 -0.21 75.09 
14.653000 0.16 0.31 2.35 0.19 0.11 2.31 0.10 0.09 2.13 -0.03 0.20 0.04 -0.09 -0.02 -0.19 80.28 
14.687000 0.16 0.31 2.35 0.18 0.10 2.30 0.06 0.14 2.13 -0.03 0.20 0.05 -0.12 0.03 -0.17 92.80 
14.719000 0.16 0.31 2.35 0.18 0.10 2.30 0.06 0.22 2.13 -0.03 0.21 0.05 -0.12 0.12 -0.16 112.47 
14.753000 0.16 0.31 2.35 0.18 0.10 2.29 0.07 0.23 2.15 -0.02 0.21 0.05 -0.11 0.13 -0.14 117.20 
14.786000 0.16 0.31 2.34 0.18 0.10 2.29 0.09 0.21 2.18 -0.02 0.21 0.05 -0.08 0.11 -0.10 121.50 
14.823000 0.16 0.31 2.34 0.18 0.10 2.29 0.07 0.27 2.17 -0.02 0.21 0.05 -0.11 0.17 -0.12 129.29 
14.853000 0.16 0.31 2.34 0.18 0.10 2.29 0.10 0.23 2.19 -0.02 0.21 0.05 -0.08 0.14 -0.10 128.73 
14.887000 0.16 0.31 2.34 0.18 0.10 2.29 0.07 0.28 2.18 -0.02 0.21 0.05 -0.10 0.18 -0.11 132.07 
14.921000 0.16 0.31 2.34 0.18 0.10 2.29 0.07 0.28 2.18 -0.02 0.21 0.05 -0.10 0.18 -0.11 132.16 
14.954000 0.16 0.31 2.34 0.18 0.10 2.29 0.07 0.28 2.17 -0.02 0.21 0.05 -0.10 0.18 -0.11 131.76 
14.986000 0.16 0.31 2.34 0.18 0.10 2.29 0.08 0.28 2.17 -0.02 0.21 0.05 -0.10 0.18 -0.12 131.28 
15.020000 0.16 0.31 2.34 0.18 0.10 2.29 0.08 0.27 2.16 -0.02 0.21 0.05 -0.10 0.17 -0.13 128.51 
15.053000 0.16 0.31 2.34 0.18 0.10 2.28 0.08 0.24 2.16 -0.02 0.21 0.05 -0.10 0.14 -0.12 123.24 
15.086000 0.16 0.31 2.34 0.17 0.10 2.28 0.08 0.23 2.15 -0.02 0.21 0.06 -0.09 0.13 -0.13 116.96 
15.120000 0.16 0.31 2.34 0.18 0.10 2.28 0.07 0.20 2.08 -0.02 0.21 0.06 -0.10 0.10 -0.20 102.76 
15.187000 0.16 0.31 2.35 0.17 0.09 2.31 0.09 0.16 2.12 -0.02 0.22 0.04 -0.08 0.07 -0.18 101.74 
15.287000 0.16 0.31 2.35 0.18 0.11 2.31 0.15 -0.02 2.14 -0.02 0.20 0.04 -0.03 -0.13 -0.16 40.80 
15.353000 0.16 0.31 2.35 0.18 0.10 2.30 0.17 -0.07 2.17 -0.02 0.21 0.05 -0.01 -0.18 -0.13 22.43 
15.420000 0.16 0.31 2.35 0.18 0.09 2.29 0.19 -0.12 2.23 -0.02 0.22 0.06 0.01 -0.21 -0.06 2.05 
15.486000 0.16 0.31 2.35 0.18 0.07 2.30 0.22 -0.18 2.29 -0.02 0.24 0.05 0.04 -0.25 -0.01 10.00 
15.521000 0.16 0.31 2.35 0.18 0.06 2.30 0.22 -0.16 2.30 -0.02 0.25 0.05 0.04 -0.22 -0.01 10.99 
15.554000 0.16 0.31 2.35 0.18 0.05 2.31 0.23 -0.15 2.31 -0.02 0.26 0.04 0.05 -0.20 -0.01 9.92 
15.687000 0.16 0.31 2.35 0.19 0.04 2.32 0.25 -0.17 2.31 -0.03 0.26 0.04 0.06 -0.21 -0.01 10.93 
15.721000 0.16 0.31 2.35 0.19 0.04 2.32 0.25 -0.16 2.30 -0.03 0.27 0.04 0.06 -0.21 -0.01 9.70 
15.753000 0.16 0.31 2.35 0.19 0.04 2.32 0.25 -0.17 2.29 -0.03 0.27 0.04 0.06 -0.21 -0.03 8.25 
15.786000 0.16 0.31 2.35 0.19 0.04 2.32 0.24 -0.15 2.27 -0.03 0.26 0.04 0.05 -0.20 -0.05 9.09 
15.820000 0.16 0.31 2.36 0.19 0.04 2.32 0.22 -0.15 2.25 -0.03 0.26 0.04 0.03 -0.19 -0.07 11.53 
15.854000 0.16 0.31 2.36 0.19 0.05 2.32 0.21 -0.13 2.23 -0.03 0.26 0.04 0.02 -0.18 -0.09 18.09 
15.887000 0.16 0.31 2.36 0.19 0.06 2.32 0.19 -0.11 2.20 -0.03 0.25 0.04 0.00 -0.17 -0.12 25.37 
15.920000 0.17 0.31 2.36 0.19 0.07 2.32 0.18 -0.08 2.18 -0.03 0.24 0.04 -0.01 -0.15 -0.14 34.37 
15.954000 0.17 0.31 2.36 0.19 0.09 2.33 0.17 -0.04 2.17 -0.02 0.21 0.03 -0.02 -0.13 -0.16 43.21 
15.988000 0.17 0.31 2.36 0.19 0.10 2.33 0.16 0.01 2.14 -0.02 0.21 0.03 -0.02 -0.09 -0.19 56.17 
16.020000 0.17 0.31 2.36 0.20 0.11 2.33 0.18 0.03 2.13 -0.03 0.20 0.03 -0.02 -0.08 -0.19 60.04 
16.052999 0.17 0.31 2.36 0.21 0.11 2.28 0.14 -0.00 2.12 -0.04 0.20 0.08 -0.07 -0.11 -0.16 43.64 
16.087000 0.17 0.31 2.36 0.20 0.11 2.28 0.12 0.14 2.09 -0.04 0.21 0.08 -0.09 0.04 -0.19 83.90 
16.120001 0.17 0.31 2.36 0.18 0.10 2.26 0.11 0.22 2.11 -0.02 0.21 0.10 -0.08 0.12 -0.15 103.29 
16.153000 0.17 0.31 2.35 0.18 0.10 2.26 0.10 0.26 2.11 -0.01 0.21 0.09 -0.08 0.16 -0.15 113.38 
16.186001 0.18 0.31 2.35 0.18 0.11 2.27 0.13 0.24 2.17 -0.01 0.21 0.08 -0.06 0.13 -0.10 119.67 
16.252001 0.18 0.31 2.35 0.19 0.11 2.27 0.11 0.31 2.18 -0.01 0.20 0.08 -0.08 0.19 -0.10 130.97 
16.287001 0.18 0.31 2.34 0.19 0.11 2.27 0.11 0.31 2.18 -0.01 0.20 0.07 -0.08 0.20 -0.10 132.12 
16.320999 0.18 0.31 2.34 0.19 0.11 2.27 0.11 0.31 2.18 -0.01 0.20 0.07 -0.08 0.20 -0.10 132.59 
16.386000 0.18 0.31 2.34 0.19 0.11 2.28 0.12 0.29 2.18 -0.01 0.20 0.06 -0.07 0.18 -0.09 131.93 
16.420000 0.18 0.31 2.34 0.19 0.11 2.28 0.12 0.29 2.18 -0.01 0.20 0.06 -0.07 0.17 -0.09 131.44 
16.452000 0.18 0.31 2.34 0.19 0.11 2.28 0.12 0.29 2.18 -0.01 0.20 0.06 -0.07 0.17 -0.10 130.69 
16.486000 0.18 0.31 2.34 0.19 0.11 2.28 0.11 0.27 2.17 -0.01 0.20 0.06 -0.08 0.16 -0.11 125.87 
16.521000 0.18 0.31 2.34 0.19 0.11 2.28 0.11 0.27 2.13 -0.01 0.20 0.07 -0.08 0.16 -0.14 118.83 
16.554001 0.18 0.31 2.34 0.19 0.11 2.27 0.11 0.26 2.12 -0.01 0.20 0.07 -0.08 0.14 -0.16 112.08 
16.586000 0.18 0.31 2.35 0.19 0.11 2.27 0.11 0.22 2.09 -0.01 0.20 0.08 -0.08 0.10 -0.18 98.89 
16.618999 0.18 0.32 2.35 0.19 0.11 2.26 0.10 0.17 2.05 -0.01 0.21 0.09 -0.09 0.06 -0.21 85.02 
16.653999 0.17 0.32 2.36 0.20 0.11 2.27 0.11 0.10 2.05 -0.02 0.21 0.09 -0.09 -0.00 -0.23 70.49 
16.753000 0.17 0.32 2.36 0.19 0.11 2.33 0.12 0.06 2.09 -0.02 0.21 0.03 -0.07 -0.05 -0.24 72.75 
16.785999 0.17 0.32 2.36 0.19 0.11 2.33 0.17 -0.05 2.19 -0.02 0.21 0.03 -0.02 -0.16 -0.14 33.81 
16.820000 0.17 0.31 2.36 0.19 0.09 2.32 0.18 -0.09 2.20 -0.02 0.22 0.04 -0.01 -0.18 -0.12 23.07 
16.854000 0.17 0.31 2.36 0.19 0.08 2.32 0.19 -0.12 2.22 -0.02 0.24 0.04 0.00 -0.19 -0.10 16.61 
16.885000 0.17 0.31 2.36 0.19 0.07 2.32 0.21 -0.15 2.26 -0.02 0.25 0.04 0.02 -0.22 -0.06 6.53 
16.919001 0.17 0.31 2.36 0.19 0.05 2.32 0.22 -0.16 2.27 -0.02 0.26 0.04 0.03 -0.22 -0.05 4.29 
16.986000 0.17 0.31 2.36 0.19 0.04 2.33 0.25 -0.15 2.32 -0.02 0.27 0.03 0.06 -0.19 -0.01 11.60 
17.024000 0.17 0.31 2.36 0.19 0.04 2.33 0.25 -0.15 2.33 -0.02 0.27 0.02 0.06 -0.19 -0.00 12.20 
17.054001 0.17 0.31 2.36 0.19 0.04 2.34 0.26 -0.16 2.34 -0.03 0.27 0.02 0.06 -0.20 0.00 12.67 
17.090000 0.17 0.31 2.36 0.20 0.04 2.34 0.26 -0.16 2.35 -0.03 0.27 0.01 0.06 -0.20 0.00 11.93 
17.121000 0.17 0.31 2.36 0.20 0.04 2.35 0.26 -0.17 2.35 -0.03 0.27 0.01 0.06 -0.21 0.00 11.64 
17.153999 0.17 0.31 2.36 0.20 0.04 2.35 0.26 -0.17 2.35 -0.03 0.27 0.01 0.06 -0.21 0.00 11.35 
17.186001 0.17 0.31 2.36 0.20 0.04 2.35 0.26 -0.17 2.35 -0.03 0.27 0.01 0.07 -0.21 -0.00 11.25 
17.219999 0.17 0.31 2.36 0.20 0.04 2.35 0.26 -0.16 2.34 -0.03 0.27 0.01 0.06 -0.20 -0.01 10.76 
17.254000 0.17 0.31 2.36 0.20 0.04 2.35 0.26 -0.16 2.33 -0.03 0.27 0.01 0.06 -0.20 -0.01 10.49 
17.285999 0.17 0.31 2.36 0.20 0.04 2.34 0.25 -0.17 2.33 -0.03 0.27 0.01 0.06 -0.21 -0.02 9.61 
17.320000 0.16 0.31 2.36 0.19 0.04 2.34 0.25 -0.17 2.32 -0.03 0.27 0.02 0.05 -0.21 -0.03 8.73 
17.353001 0.16 0.31 2.36 0.19 0.04 2.34 0.23 -0.16 2.30 -0.03 0.27 0.02 0.04 -0.20 -0.03 7.18 
17.386999 0.16 0.31 2.36 0.19 0.04 2.33 0.22 -0.16 2.29 -0.03 0.27 0.03 0.03 -0.20 -0.04 6.28 
17.420000 0.16 0.31 2.36 0.19 0.04 2.33 0.21 -0.15 2.27 -0.02 0.27 0.03 0.02 -0.20 -0.06 9.07 
17.454000 0.16 0.31 2.36 0.18 0.05 2.33 0.19 -0.15 2.26 -0.02 0.26 0.03 0.01 -0.20 -0.07 11.77 
17.487000 0.16 0.31 2.36 0.18 0.06 2.32 0.18 -0.13 2.23 -0.02 0.25 0.04 -0.01 -0.19 -0.09 18.21 
17.520000 0.16 0.31 2.36 0.18 0.07 2.32 0.16 -0.11 2.21 -0.02 0.24 0.04 -0.02 -0.18 -0.11 25.21 
17.552999 0.16 0.31 2.36 0.18 0.08 2.33 0.15 -0.08 2.19 -0.01 0.23 0.03 -0.03 -0.16 -0.13 33.98 
17.586000 0.16 0.31 2.36 0.18 0.09 2.33 0.11 -0.08 2.20 -0.01 0.22 0.03 -0.07 -0.17 -0.12 35.18 
17.620001 0.16 0.31 2.36 0.18 0.10 2.33 0.12 -0.01 2.16 -0.02 0.21 0.03 -0.05 -0.11 -0.17 50.43 
17.653999 0.16 0.31 2.36 0.18 0.11 2.33 0.13 -0.00 2.15 -0.02 0.20 0.04 -0.05 -0.11 -0.17 51.68 
17.719999 0.16 0.31 2.36 0.19 0.11 2.31 0.08 0.12 2.13 -0.03 0.20 0.05 -0.10 0.01 -0.18 84.89 
17.752001 0.16 0.31 2.36 0.17 0.10 2.27 0.09 0.21 2.11 -0.00 0.21 0.08 -0.08 0.11 -0.16 101.63 
17.787001 0.17 0.31 2.35 0.17 0.10 2.27 0.10 0.22 2.16 -0.00 0.21 0.08 -0.07 0.11 -0.11 111.71 
17.820999 0.17 0.31 2.35 0.16 0.12 2.26 0.10 0.23 2.17 0.01 0.19 0.09 -0.06 0.11 -0.09 111.70 
17.854000 0.17 0.31 2.35 0.16 0.12 2.26 0.07 0.30 2.16 0.01 0.19 0.09 -0.09 0.18 -0.10 120.92 
17.886999 0.17 0.31 2.35 0.16 0.12 2.26 0.10 0.25 2.17 0.01 0.19 0.09 -0.05 0.13 -0.08 120.14 
17.952999 0.17 0.31 2.35 0.16 0.12 2.26 0.07 0.33 2.15 0.01 0.19 0.09 -0.09 0.21 -0.10 124.39 
17.986000 0.17 0.31 2.35 0.16 0.12 2.25 0.07 0.32 2.16 0.01 0.19 0.09 -0.09 0.20 -0.10 124.09 
18.020000 0.17 0.31 2.35 0.16 0.12 2.25 0.07 0.31 2.16 0.01 0.19 0.09 -0.09 0.19 -0.10 122.45 
18.052999 0.17 0.31 2.35 0.16 0.12 2.25 0.11 0.25 2.17 0.01 0.19 0.09 -0.05 0.13 -0.08 118.96 
18.086000 0.17 0.31 2.34 0.16 0.12 2.25 0.10 0.24 2.16 0.01 0.19 0.09 -0.05 0.12 -0.09 113.07 
18.121000 0.17 0.31 2.35 0.16 0.12 2.25 0.10 0.22 2.15 0.01 0.19 0.10 -0.06 0.10 -0.10 104.28 
18.158001 0.17 0.31 2.35 0.16 0.12 2.25 0.07 0.24 2.07 0.01 0.19 0.09 -0.10 0.12 -0.19 95.96 
18.223000 0.16 0.31 2.35 0.18 0.11 2.28 0.09 0.12 2.06 -0.02 0.20 0.08 -0.09 0.01 -0.22 75.37 
18.254000 0.16 0.31 2.36 0.16 0.08 2.33 0.15 0.06 2.12 -0.00 0.23 0.03 -0.01 -0.02 -0.21 78.19 
18.287001 0.16 0.31 2.36 0.18 0.11 2.28 0.12 0.01 2.09 -0.03 0.20 0.08 -0.06 -0.10 -0.19 46.91 
18.320999 0.16 0.31 2.36 0.16 0.09 2.27 0.12 -0.05 2.12 -0.01 0.22 0.09 -0.04 -0.14 -0.15 26.94 
18.386000 0.16 0.31 2.36 0.16 0.10 2.27 0.15 -0.10 2.17 -0.01 0.21 0.09 -0.01 -0.19 -0.10 6.50 
18.420000 0.16 0.31 2.36 0.16 0.10 2.27 0.16 -0.09 2.20 -0.01 0.21 0.09 -0.01 -0.19 -0.08 3.75 
18.452999 0.16 0.31 2.36 0.16 0.09 2.28 0.19 -0.17 2.24 -0.00 0.22 0.08 0.02 -0.26 -0.04 11.66 
18.486000 0.16 0.31 2.36 0.16 0.08 2.28 0.18 -0.12 2.26 -0.00 0.23 0.07 0.02 -0.20 -0.03 11.37 
18.521000 0.16 0.31 2.36 0.16 0.07 2.29 0.19 -0.12 2.26 -0.01 0.23 0.06 0.02 -0.20 -0.03 8.73 
18.554001 0.16 0.31 2.36 0.17 0.06 2.30 0.20 -0.14 2.29 -0.01 0.25 0.05 0.03 -0.20 -0.01 11.28 
18.587000 0.16 0.31 2.36 0.17 0.05 2.31 0.21 -0.18 2.31 -0.01 0.26 0.05 0.04 -0.23 -0.00 12.08 
18.621000 0.16 0.31 2.36 0.17 0.05 2.31 0.21 -0.18 2.31 -0.01 0.26 0.04 0.04 -0.22 -0.00 10.13 
18.684999 0.16 0.31 2.36 0.18 0.04 2.32 0.21 -0.18 2.31 -0.02 0.27 0.04 0.03 -0.22 -0.01 8.58 
18.719999 0.16 0.31 2.36 0.18 0.04 2.32 0.21 -0.18 2.31 -0.02 0.27 0.04 0.03 -0.22 -0.01 7.83 
18.753000 0.16 0.31 2.36 0.18 0.04 2.32 0.21 -0.18 2.31 -0.02 0.27 0.04 0.03 -0.22 -0.01 7.74 
18.787001 0.16 0.31 2.36 0.18 0.04 2.32 0.21 -0.17 2.30 -0.02 0.27 0.04 0.03 -0.21 -0.02 6.34 
18.819000 0.16 0.31 2.36 0.18 0.04 2.32 0.20 -0.16 2.29 -0.02 0.27 0.04 0.02 -0.20 -0.03 3.47 
18.853001 0.16 0.31 2.36 0.18 0.04 2.32 0.19 -0.16 2.27 -0.01 0.26 0.04 0.02 -0.20 -0.05 5.05 
18.886000 0.16 0.31 2.36 0.18 0.05 2.32 0.18 -0.15 2.25 -0.01 0.26 0.04 0.00 -0.20 -0.07 10.84 
18.921000 0.16 0.31 2.36 0.17 0.06 2.32 0.17 -0.13 2.23 -0.01 0.25 0.04 -0.01 -0.19 -0.09 16.49 
18.952999 0.16 0.31 2.37 0.17 0.06 2.32 0.15 -0.11 2.21 -0.01 0.24 0.04 -0.02 -0.17 -0.11 24.79 
18.985001 0.17 0.31 2.37 0.17 0.08 2.32 0.14 -0.08 2.19 -0.01 0.23 0.04 -0.03 -0.16 -0.13 31.77 
19.020000 0.17 0.31 2.37 0.17 0.08 2.33 0.11 -0.07 2.14 -0.00 0.22 0.04 -0.05 -0.15 -0.18 41.90 
19.052999 0.17 0.31 2.37 0.17 0.10 2.33 0.11 -0.02 2.16 -0.00 0.21 0.04 -0.06 -0.11 -0.17 47.67 
19.086000 0.17 0.31 2.37 0.17 0.10 2.33 0.11 0.01 2.15 -0.00 0.21 0.04 -0.06 -0.09 -0.18 52.69 
19.120001 0.16 0.31 2.37 0.16 0.09 2.33 0.10 0.06 2.13 0.01 0.22 0.04 -0.06 -0.03 -0.20 71.51 
19.153000 0.16 0.31 2.37 0.17 0.10 2.32 0.08 0.11 2.13 -0.00 0.21 0.05 -0.09 0.00 -0.19 78.98 
19.186001 0.17 0.31 2.37 0.17 0.10 2.32 0.07 0.15 2.14 -0.00 0.21 0.05 -0.10 0.05 -0.18 90.75 
19.219999 0.17 0.31 2.37 0.17 0.10 2.31 0.07 0.22 2.15 -0.00 0.21 0.05 -0.10 0.12 -0.17 110.21 
19.253000 0.17 0.31 2.36 0.17 0.10 2.30 0.05 0.28 2.12 0.00 0.21 0.06 -0.12 0.18 -0.17 115.58 
19.289000 0.17 0.31 2.36 0.16 0.10 2.30 0.04 0.29 2.13 0.00 0.20 0.06 -0.12 0.19 -0.17 116.88 
19.319000 0.17 0.31 2.36 0.16 0.10 2.30 0.04 0.30 2.15 0.00 0.20 0.06 -0.13 0.20 -0.14 121.55 
19.354000 0.17 0.31 2.36 0.16 0.11 2.30 0.04 0.31 2.15 0.01 0.20 0.06 -0.12 0.20 -0.14 123.02 
19.386999 0.17 0.31 2.36 0.16 0.11 2.30 0.04 0.31 2.15 0.01 0.20 0.06 -0.12 0.20 -0.14 123.54 
19.420000 0.17 0.31 2.35 0.16 0.11 2.30 0.04 0.31 2.15 0.01 0.20 0.06 -0.12 0.20 -0.14 123.53 
19.452999 0.17 0.31 2.35 0.16 0.11 2.30 0.04 0.31 2.15 0.01 0.20 0.06 -0.12 0.20 -0.14 123.50 
19.486000 0.17 0.31 2.35 0.16 0.11 2.30 0.04 0.30 2.14 0.01 0.20 0.06 -0.13 0.19 -0.16 119.06 
19.520000 0.17 0.31 2.35 0.16 0.11 2.30 0.04 0.29 2.13 0.01 0.20 0.06 -0.12 0.18 -0.17 117.10 
19.552999 0.17 0.31 2.35 0.16 0.11 2.30 0.05 0.22 2.16 0.01 0.20 0.06 -0.11 0.12 -0.13 110.26 
19.587000 0.17 0.31 2.36 0.16 0.11 2.29 0.05 0.22 2.16 0.01 0.20 0.06 -0.11 0.12 -0.13 109.10 
19.620001 0.17 0.31 2.36 0.17 0.10 2.30 0.06 0.21 2.15 0.00 0.20 0.06 -0.11 0.11 -0.15 107.92 
19.653000 0.17 0.31 2.36 0.17 0.10 2.30 0.06 0.17 2.14 -0.00 0.20 0.06 -0.11 0.06 -0.17 95.08 
19.687000 0.17 0.31 2.36 0.17 0.10 2.31 0.06 0.14 2.13 -0.01 0.20 0.06 -0.11 0.04 -0.17 88.34 
19.721001 0.16 0.31 2.36 0.17 0.10 2.31 0.08 0.09 2.12 -0.01 0.21 0.06 -0.10 -0.02 -0.19 72.68 
19.754000 0.16 0.31 2.37 0.18 0.10 2.28 0.08 0.05 2.10 -0.01 0.21 0.08 -0.09 -0.05 -0.18 58.44 
19.787001 0.16 0.31 2.37 0.17 0.10 2.28 0.08 -0.02 2.14 -0.01 0.21 0.08 -0.09 -0.12 -0.14 39.24 
19.820999 0.16 0.31 2.37 0.16 0.10 2.28 0.11 -0.04 2.14 -0.00 0.21 0.08 -0.05 -0.14 -0.14 26.90 
19.851999 0.16 0.31 2.37 0.16 0.11 2.29 0.12 -0.06 2.17 0.00 0.20 0.08 -0.04 -0.16 -0.12 19.85 
19.921000 0.16 0.31 2.37 0.16 0.10 2.29 0.14 -0.12 2.21 0.00 0.21 0.07 -0.01 -0.22 -0.08 2.58 
19.952999 0.16 0.31 2.37 0.15 0.09 2.29 0.15 -0.11 2.23 0.00 0.22 0.07 -0.01 -0.21 -0.06 2.22 
19.986000 0.16 0.31 2.37 0.15 0.08 2.30 0.16 -0.12 2.25 0.00 0.23 0.07 0.01 -0.21 -0.05 4.92 
20.020000 0.16 0.31 2.36 0.15 0.07 2.30 0.18 -0.16 2.27 0.00 0.24 0.06 0.03 -0.24 -0.02 11.54 
20.052999 0.16 0.31 2.36 0.16 0.06 2.30 0.18 -0.16 2.28 0.00 0.25 0.06 0.02 -0.22 -0.02 9.79 
20.086000 0.16 0.31 2.36 0.16 0.06 2.31 0.18 -0.15 2.28 -0.00 0.25 0.06 0.02 -0.21 -0.03 8.35 
20.121000 0.16 0.31 2.36 0.16 0.06 2.31 0.18 -0.15 2.28 -0.00 0.25 0.06 0.03 -0.21 -0.02 8.27 
20.153000 0.15 0.31 2.36 0.16 0.06 2.31 0.19 -0.16 2.28 -0.00 0.26 0.06 0.03 -0.22 -0.03 8.67 
20.186001 0.15 0.31 2.36 0.16 0.06 2.31 0.18 -0.15 2.28 -0.00 0.25 0.06 0.03 -0.21 -0.03 7.80 
20.253000 0.15 0.31 2.36 0.16 0.07 2.31 0.17 -0.13 2.25 -0.01 0.24 0.06 0.01 -0.20 -0.05 3.17 
20.285999 0.15 0.31 2.36 0.16 0.07 2.31 0.16 -0.13 2.25 -0.01 0.24 0.06 0.01 -0.20 -0.06 3.64 
20.320999 0.15 0.31 2.36 0.16 0.07 2.30 0.15 -0.13 2.23 -0.01 0.24 0.06 -0.00 -0.20 -0.07 6.49 
20.354000 0.15 0.31 2.36 0.16 0.08 2.30 0.14 -0.12 2.21 -0.00 0.24 0.06 -0.02 -0.20 -0.09 11.66 
20.389999 0.15 0.31 2.36 0.15 0.08 2.31 0.13 -0.10 2.21 -0.01 0.23 0.06 -0.02 -0.19 -0.10 15.46 
20.422001 0.15 0.31 2.36 0.16 0.10 2.31 0.11 -0.08 2.19 -0.01 0.22 0.06 -0.04 -0.17 -0.12 24.14 
20.455000 0.15 0.31 2.36 0.16 0.10 2.31 0.10 -0.06 2.18 -0.01 0.21 0.06 -0.05 -0.16 -0.13 27.91 
20.487000 0.15 0.31 2.36 0.16 0.11 2.31 0.09 -0.03 2.17 -0.01 0.20 0.05 -0.07 -0.14 -0.14 36.84 
20.520000 0.15 0.31 2.36 0.16 0.11 2.31 0.08 0.00 2.15 -0.01 0.20 0.05 -0.08 -0.11 -0.16 47.62 
20.552999 0.15 0.31 2.36 0.16 0.11 2.31 0.07 0.01 2.15 -0.02 0.20 0.05 -0.09 -0.10 -0.16 51.88 
20.586000 0.14 0.31 2.36 0.17 0.11 2.31 0.07 0.05 2.13 -0.02 0.20 0.05 -0.10 -0.06 -0.18 65.15 
20.621000 0.14 0.31 2.36 0.16 0.11 2.29 0.03 0.10 2.13 -0.02 0.20 0.06 -0.13 -0.01 -0.17 76.83 
20.653000 0.15 0.31 2.35 0.15 0.11 2.28 0.03 0.20 2.13 -0.00 0.20 0.07 -0.12 0.08 -0.15 97.48 
20.687000 0.15 0.31 2.35 0.15 0.11 2.27 0.02 0.27 2.13 0.00 0.20 0.07 -0.12 0.16 -0.14 113.92 
20.719000 0.15 0.31 2.34 0.14 0.07 2.29 0.03 0.28 2.16 0.01 0.24 0.05 -0.10 0.22 -0.13 131.71 
20.754000 0.15 0.31 2.33 0.14 0.12 2.25 0.02 0.35 2.18 0.02 0.19 0.09 -0.11 0.23 -0.07 130.66 
20.785999 0.13 0.31 2.31 0.14 0.11 2.25 0.02 0.35 2.19 -0.01 0.20 0.06 -0.11 0.24 -0.06 143.53 
20.820000 0.13 0.31 2.31 0.14 0.11 2.25 0.03 0.34 2.19 -0.01 0.20 0.06 -0.11 0.23 -0.06 142.85 
20.851999 0.13 0.31 2.31 0.14 0.11 2.25 0.02 0.34 2.19 -0.01 0.20 0.06 -0.12 0.23 -0.06 141.61 
20.886000 0.13 0.31 2.31 0.14 0.11 2.25 0.01 0.33 2.18 -0.01 0.20 0.06 -0.13 0.22 -0.07 138.69 
20.921000 0.13 0.31 2.30 0.14 0.11 2.25 0.00 0.33 2.16 -0.01 0.20 0.06 -0.14 0.22 -0.08 135.54 
20.954000 0.13 0.31 2.31 0.14 0.11 2.25 -0.01 0.32 2.15 -0.01 0.20 0.06 -0.15 0.21 -0.10 131.83 
20.987000 0.13 0.31 2.30 0.14 0.11 2.25 -0.01 0.31 2.14 -0.01 0.20 0.06 -0.15 0.20 -0.11 128.95 
21.021000 0.12 0.31 2.31 0.14 0.11 2.25 -0.03 0.28 2.11 -0.02 0.20 0.06 -0.17 0.17 -0.14 121.80 
21.084999 0.12 0.31 2.31 0.14 0.11 2.25 -0.02 0.15 2.12 -0.02 0.20 0.06 -0.16 0.04 -0.13 96.14 
21.120001 0.12 0.31 2.31 0.14 0.11 2.25 -0.01 0.13 2.11 -0.02 0.20 0.06 -0.15 0.02 -0.14 87.58 
21.153000 0.12 0.31 2.31 0.14 0.09 2.24 -0.00 0.08 2.09 -0.02 0.22 0.07 -0.14 -0.01 -0.16 75.89 
21.186001 0.12 0.31 2.31 0.13 0.09 2.24 -0.04 0.01 2.09 -0.01 0.22 0.07 -0.18 -0.09 -0.16 61.41 
21.221001 0.12 0.31 2.31 0.13 0.09 2.24 0.01 -0.02 2.12 -0.01 0.22 0.07 -0.12 -0.11 -0.12 47.63 
21.254000 0.12 0.31 2.32 0.13 0.09 2.24 0.03 -0.05 2.13 -0.01 0.22 0.07 -0.09 -0.14 -0.12 34.81 
21.287001 0.12 0.31 2.32 0.13 0.10 2.25 0.06 -0.08 2.15 -0.01 0.21 0.07 -0.07 -0.18 -0.10 23.89 
21.353001 0.13 0.31 2.32 0.13 0.10 2.25 0.09 -0.12 2.20 -0.00 0.21 0.07 -0.04 -0.23 -0.05 11.67 
21.386999 0.13 0.31 2.32 0.13 0.10 2.25 0.11 -0.17 2.22 -0.00 0.21 0.07 -0.01 -0.27 -0.03 11.20 
21.419001 0.12 0.31 2.31 0.13 0.10 2.25 0.12 -0.17 2.23 -0.01 0.21 0.06 -0.01 -0.27 -0.03 11.14 
21.495001 0.12 0.31 2.31 0.13 0.09 2.26 0.14 -0.17 2.26 -0.01 0.22 0.05 0.01 -0.26 -0.00 13.03 
21.521000 0.11 0.31 2.31 0.13 0.09 2.26 0.14 -0.17 2.26 -0.02 0.22 0.05 0.01 -0.26 -0.00 12.28 
21.552999 0.12 0.31 2.31 0.13 0.09 2.26 0.14 -0.17 2.26 -0.01 0.22 0.05 0.01 -0.26 -0.00 11.30 
21.587000 0.12 0.31 2.31 0.13 0.08 2.26 0.14 -0.18 2.26 -0.01 0.23 0.05 0.01 -0.26 -0.01 10.06 
21.620001 0.12 0.31 2.31 0.13 0.09 2.27 0.12 -0.17 2.24 -0.01 0.23 0.05 -0.01 -0.26 -0.03 7.19 
21.653000 0.12 0.31 2.31 0.13 0.09 2.27 0.10 -0.17 2.22 -0.01 0.23 0.05 -0.03 -0.26 -0.05 9.00 
21.686001 0.12 0.31 2.31 0.13 0.09 2.27 0.08 -0.13 2.20 -0.01 0.22 0.05 -0.06 -0.22 -0.07 16.90 
21.721001 0.13 0.31 2.32 0.13 0.09 2.27 0.06 -0.11 2.18 -0.01 0.22 0.05 -0.07 -0.20 -0.08 23.56 
21.754000 0.13 0.31 2.32 0.14 0.10 2.27 0.05 -0.07 2.17 -0.01 0.22 0.05 -0.09 -0.17 -0.10 32.78 
21.787001 0.13 0.31 2.32 0.15 0.11 2.27 0.04 -0.03 2.16 -0.02 0.20 0.05 -0.11 -0.14 -0.11 44.02 
21.820999 0.13 0.31 2.32 0.15 0.11 2.27 0.02 0.01 2.12 -0.03 0.20 0.05 -0.13 -0.11 -0.15 58.42 
21.853001 0.13 0.31 2.32 0.16 0.11 2.27 0.01 0.06 2.13 -0.03 0.20 0.05 -0.14 -0.05 -0.14 71.38 
21.886000 0.12 0.31 2.32 0.16 0.11 2.27 0.01 0.09 2.12 -0.04 0.20 0.05 -0.15 -0.02 -0.15 80.76 
21.920000 0.12 0.31 2.32 0.15 0.11 2.26 0.01 0.14 2.12 -0.04 0.20 0.06 -0.15 0.03 -0.14 94.92 
21.954000 0.12 0.31 2.32 0.15 0.11 2.25 -0.01 0.22 2.10 -0.04 0.20 0.06 -0.16 0.10 -0.15 109.19 
21.986000 0.12 0.31 2.32 0.15 0.11 2.25 -0.02 0.25 2.10 -0.03 0.20 0.07 -0.17 0.14 -0.15 113.79 
22.021000 0.12 0.31 2.31 0.15 0.11 2.24 -0.02 0.26 2.11 -0.03 0.20 0.07 -0.16 0.15 -0.14 115.94 
22.054001 0.12 0.31 2.31 0.13 0.07 2.24 -0.01 0.27 2.12 -0.01 0.24 0.07 -0.15 0.20 -0.12 125.86 
22.087000 0.12 0.31 2.31 0.13 0.07 2.25 -0.01 0.27 2.12 -0.01 0.24 0.07 -0.14 0.20 -0.12 127.38 
22.121000 0.12 0.31 2.31 0.14 0.06 2.28 0.00 0.24 2.16 -0.02 0.25 0.03 -0.14 0.18 -0.12 133.77 
22.152000 0.12 0.31 2.31 0.14 0.06 2.28 0.00 0.24 2.16 -0.02 0.25 0.04 -0.14 0.18 -0.11 133.01 
22.184999 0.12 0.31 2.31 0.15 0.05 2.30 -0.01 0.23 2.15 -0.02 0.26 0.02 -0.15 0.17 -0.14 130.72 
22.219999 0.12 0.31 2.32 0.16 0.06 2.35 0.00 0.17 2.15 -0.04 0.26 -0.03 -0.16 0.12 -0.20 126.34 
22.253000 0.12 0.31 2.32 0.16 0.05 2.35 -0.00 0.16 2.15 -0.04 0.26 -0.03 -0.16 0.11 -0.20 122.82 
22.285999 0.13 0.31 2.32 0.16 0.06 2.34 -0.00 0.12 2.13 -0.03 0.26 -0.02 -0.16 0.06 -0.21 111.81 
22.320999 0.13 0.31 2.32 0.16 0.11 2.27 0.00 0.09 2.14 -0.03 0.20 0.05 -0.15 -0.03 -0.14 79.81 
22.353001 0.13 0.31 2.33 0.16 0.11 2.28 0.02 0.04 2.14 -0.03 0.20 0.05 -0.14 -0.07 -0.14 66.79 
22.386999 0.13 0.31 2.33 0.16 0.11 2.28 0.03 0.00 2.16 -0.03 0.20 0.05 -0.13 -0.11 -0.12 56.33 
22.421000 0.13 0.31 2.34 0.15 0.10 2.27 0.05 -0.04 2.17 -0.02 0.21 0.06 -0.10 -0.15 -0.11 37.26 
22.454000 0.13 0.31 2.34 0.15 0.11 2.28 0.06 -0.08 2.18 -0.02 0.20 0.06 -0.09 -0.19 -0.11 30.44 
22.487000 0.13 0.31 2.34 0.15 0.11 2.29 0.09 -0.11 2.20 -0.02 0.20 0.06 -0.06 -0.22 -0.09 20.50 
22.520000 0.13 0.31 2.35 0.15 0.10 2.29 0.11 -0.13 2.22 -0.02 0.21 0.06 -0.04 -0.24 -0.07 13.28 
22.586000 0.14 0.31 2.35 0.16 0.09 2.30 0.15 -0.14 2.25 -0.02 0.22 0.05 -0.00 -0.22 -0.06 6.00 
22.618999 0.15 0.31 2.36 0.16 0.08 2.31 0.16 -0.14 2.25 -0.02 0.23 0.05 -0.00 -0.22 -0.06 6.34 
22.660000 0.15 0.31 2.36 0.17 0.08 2.32 0.17 -0.14 2.26 -0.02 0.23 0.04 -0.00 -0.22 -0.06 6.19 
22.687000 0.16 0.30 2.36 0.18 0.07 2.32 0.17 -0.14 2.26 -0.02 0.23 0.04 -0.00 -0.21 -0.06 7.31 
22.719999 0.17 0.30 2.37 0.18 0.07 2.32 0.17 -0.14 2.26 -0.01 0.24 0.05 -0.01 -0.21 -0.07 8.17 
22.754000 0.17 0.30 2.37 0.18 0.07 2.33 0.17 -0.14 2.25 -0.01 0.24 0.05 -0.01 -0.21 -0.08 10.03 
22.787001 0.18 0.30 2.38 0.18 0.07 2.33 0.16 -0.12 2.23 -0.01 0.23 0.05 -0.02 -0.19 -0.10 18.28 
22.820000 0.18 0.30 2.38 0.19 0.08 2.34 0.15 -0.10 2.21 -0.01 0.23 0.05 -0.03 -0.17 -0.12 26.06 
22.854000 0.19 0.31 2.39 0.20 0.09 2.34 0.14 -0.06 2.21 -0.01 0.22 0.04 -0.06 -0.15 -0.13 34.91 
22.886999 0.19 0.30 2.39 0.20 0.09 2.35 0.12 -0.03 2.17 -0.01 0.21 0.04 -0.09 -0.13 -0.18 48.60 
22.920000 0.19 0.30 2.40 0.21 0.10 2.35 0.13 0.00 2.18 -0.02 0.20 0.04 -0.07 -0.10 -0.17 53.56 
22.952999 0.19 0.30 2.39 0.22 0.10 2.35 0.12 0.02 2.18 -0.02 0.20 0.04 -0.09 -0.08 -0.17 60.78 
22.986000 0.20 0.30 2.40 0.22 0.10 2.34 0.10 0.11 2.17 -0.02 0.20 0.05 -0.12 0.01 -0.17 83.31 
23.084999 0.21 0.31 2.40 0.22 0.10 2.33 0.10 0.18 2.18 -0.02 0.20 0.07 -0.12 0.08 -0.15 100.64 
23.153999 0.21 0.31 2.40 0.23 0.10 2.33 0.10 0.25 2.20 -0.01 0.21 0.07 -0.13 0.15 -0.13 116.65 
23.187000 0.22 0.31 2.40 0.23 0.10 2.33 0.11 0.21 2.20 -0.01 0.21 0.07 -0.12 0.11 -0.13 108.20 
23.221001 0.22 0.31 2.40 0.24 0.10 2.34 0.11 0.19 2.20 -0.02 0.21 0.07 -0.13 0.09 -0.14 104.62 
23.254000 0.22 0.31 2.40 0.24 0.10 2.34 0.11 0.13 2.18 -0.02 0.21 0.06 -0.13 0.03 -0.16 87.61 
23.285000 0.22 0.30 2.41 0.24 0.10 2.35 0.10 0.09 2.15 -0.02 0.20 0.06 -0.14 -0.01 -0.20 77.37 
23.320000 0.22 0.30 2.41 0.24 0.10 2.37 0.16 -0.01 2.21 -0.02 0.20 0.04 -0.09 -0.11 -0.15 52.17 
23.351999 0.22 0.30 2.41 0.24 0.07 2.34 0.14 -0.04 2.20 -0.02 0.23 0.07 -0.10 -0.11 -0.14 47.86 
23.386000 0.22 0.30 2.41 0.24 0.07 2.35 0.16 -0.08 2.23 -0.02 0.23 0.06 -0.08 -0.15 -0.12 35.82 
23.421000 0.22 0.30 2.41 0.23 0.07 2.36 0.18 -0.09 2.24 -0.01 0.23 0.05 -0.05 -0.17 -0.12 28.34 
23.452999 0.22 0.30 2.41 0.23 0.07 2.36 0.19 -0.12 2.25 -0.01 0.23 0.04 -0.04 -0.20 -0.11 22.83 
23.486000 0.22 0.30 2.41 0.22 0.06 2.37 0.20 -0.16 2.27 -0.00 0.23 0.04 -0.03 -0.22 -0.09 15.09 
23.521000 0.21 0.30 2.40 0.22 0.06 2.37 0.20 -0.17 2.28 -0.00 0.24 0.04 -0.02 -0.23 -0.09 13.40 
23.587000 0.20 0.29 2.40 0.21 0.04 2.37 0.22 -0.19 2.32 -0.01 0.25 0.03 0.01 -0.23 -0.04 3.97 
23.620001 0.20 0.29 2.40 0.21 0.04 2.37 0.22 -0.19 2.33 -0.01 0.25 0.03 0.01 -0.23 -0.04 4.67 
23.653999 0.19 0.29 2.40 0.19 0.02 2.37 0.22 -0.19 2.33 -0.01 0.27 0.02 0.03 -0.21 -0.04 9.30 
23.687000 0.18 0.29 2.39 0.19 0.02 2.37 0.22 -0.19 2.33 -0.01 0.27 0.02 0.03 -0.21 -0.04 8.45 
23.719999 0.17 0.29 2.39 0.19 0.02 2.38 0.22 -0.19 2.33 -0.02 0.27 0.02 0.03 -0.21 -0.04 8.00 
23.753000 0.15 0.29 2.39 0.19 0.02 2.38 0.21 -0.18 2.33 -0.03 0.27 0.01 0.02 -0.20 -0.04 8.71 
23.789000 0.14 0.30 2.39 0.18 0.02 2.38 0.21 -0.19 2.33 -0.04 0.27 0.01 0.03 -0.21 -0.04 9.73 
23.820000 0.13 0.30 2.39 0.18 0.03 2.38 0.20 -0.19 2.33 -0.05 0.27 0.01 0.03 -0.22 -0.05 10.83 
23.854000 0.12 0.30 2.38 0.17 0.03 2.38 0.19 -0.19 2.33 -0.05 0.27 0.01 0.02 -0.22 -0.05 11.28 
23.886000 0.11 0.30 2.38 0.16 0.03 2.37 0.18 -0.19 2.32 -0.05 0.26 0.01 0.02 -0.22 -0.05 11.15 
23.921000 0.10 0.29 2.38 0.15 0.04 2.37 0.17 -0.19 2.31 -0.05 0.26 0.01 0.02 -0.23 -0.05 12.42 
23.952999 0.09 0.29 2.38 0.14 0.04 2.36 0.16 -0.19 2.31 -0.05 0.25 0.01 0.02 -0.24 -0.06 12.68 
23.986000 0.09 0.29 2.38 0.13 0.05 2.36 0.14 -0.20 2.30 -0.04 0.25 0.02 0.02 -0.24 -0.06 10.33 
24.020000 0.07 0.30 2.37 0.12 0.05 2.35 0.13 -0.19 2.29 -0.05 0.25 0.02 0.01 -0.24 -0.06 11.55 
24.054001 0.06 0.30 2.37 0.11 0.05 2.35 0.11 -0.19 2.28 -0.05 0.24 0.02 0.01 -0.25 -0.06 13.23 
24.087000 0.05 0.30 2.37 0.10 0.06 2.34 0.09 -0.20 2.27 -0.05 0.24 0.03 -0.00 -0.26 -0.06 13.65 
24.121000 0.05 0.30 2.36 0.09 0.06 2.33 0.08 -0.20 2.27 -0.04 0.24 0.03 -0.01 -0.26 -0.06 14.12 
24.152000 0.03 0.30 2.36 0.08 0.06 2.32 0.06 -0.20 2.27 -0.05 0.24 0.03 -0.02 -0.26 -0.06 16.55 
24.186001 0.03 0.30 2.36 0.07 0.06 2.31 0.04 -0.20 2.26 -0.04 0.24 0.04 -0.03 -0.26 -0.05 15.84 
24.219999 0.01 0.30 2.34 0.06 0.06 2.30 0.02 -0.20 2.25 -0.05 0.24 0.04 -0.05 -0.26 -0.05 22.69 
24.253000 -0.00 0.30 2.33 0.05 0.06 2.29 -0.01 -0.19 2.24 -0.05 0.24 0.04 -0.06 -0.26 -0.05 25.72 
24.285999 -0.01 0.30 2.32 0.04 0.06 2.28 -0.03 -0.19 2.23 -0.05 0.24 0.04 -0.07 -0.25 -0.05 26.38 
24.320000 -0.02 0.30 2.31 0.03 0.06 2.26 -0.06 -0.19 2.22 -0.04 0.24 0.04 -0.08 -0.24 -0.04 27.83 
24.353001 -0.03 0.30 2.30 0.01 0.05 2.25 -0.08 -0.19 2.22 -0.04 0.25 0.04 -0.10 -0.24 -0.04 31.57 
24.386999 -0.04 0.30 2.28 -0.01 0.04 2.23 -0.10 -0.19 2.21 -0.03 0.26 0.05 -0.10 -0.23 -0.02 29.92 
24.421000 -0.05 0.29 2.27 -0.02 0.04 2.22 -0.13 -0.19 2.21 -0.03 0.25 0.05 -0.11 -0.23 -0.02 33.25 
24.487000 -0.08 0.29 2.23 -0.07 0.02 2.19 -0.19 -0.18 2.20 -0.01 0.27 0.04 -0.12 -0.19 0.01 34.83 
24.520000 -0.09 0.29 2.22 -0.09 0.02 2.18 -0.21 -0.18 2.20 0.00 0.27 0.04 -0.12 -0.20 0.02 33.61 
24.552999 -0.10 0.29 2.21 -0.11 0.02 2.17 -0.24 -0.18 2.21 0.01 0.27 0.04 -0.13 -0.19 0.04 34.98 
24.652000 -0.12 0.30 2.18 -0.18 0.03 2.14 -0.29 -0.12 2.22 0.06 0.27 0.04 -0.12 -0.15 0.08 41.41 
24.754000 -0.14 0.30 2.17 -0.23 0.05 2.12 -0.34 -0.09 2.21 0.09 0.25 0.05 -0.11 -0.14 0.09 40.39 
24.787001 -0.14 0.30 2.17 -0.24 0.04 2.13 -0.35 -0.10 2.22 0.09 0.26 0.04 -0.12 -0.14 0.08 37.60 
24.823000 -0.15 0.30 2.17 -0.25 0.05 2.14 -0.38 -0.11 2.23 0.11 0.25 0.03 -0.12 -0.16 0.08 32.90 
24.895000 -0.15 0.30 2.19 -0.27 0.06 2.16 -0.40 -0.10 2.24 0.13 0.24 0.03 -0.13 -0.16 0.08 30.97 
24.921000 -0.13 0.31 2.21 -0.30 0.10 2.16 -0.43 -0.06 2.24 0.17 0.21 0.05 -0.13 -0.16 0.08 32.56 
24.955000 -0.12 0.32 2.23 -0.29 0.10 2.19 -0.44 -0.08 2.27 0.17 0.22 0.04 -0.15 -0.19 0.08 26.32 
24.986000 -0.10 0.32 2.25 -0.30 0.14 2.17 -0.44 -0.02 2.25 0.20 0.18 0.08 -0.14 -0.16 0.08 36.09 
25.020000 -0.09 0.32 2.26 -0.30 0.16 2.18 -0.45 -0.01 2.25 0.21 0.17 0.08 -0.15 -0.17 0.07 35.96 
25.052000 -0.08 0.32 2.27 -0.30 0.15 2.23 -0.47 -0.03 2.31 0.21 0.17 0.04 -0.17 -0.19 0.08 26.35 
25.086000 -0.05 0.32 2.30 -0.27 0.17 2.25 -0.46 -0.02 2.31 0.22 0.16 0.05 -0.19 -0.18 0.06 26.18 
25.121000 -0.05 0.32 2.30 -0.28 0.18 2.24 -0.46 -0.00 2.31 0.23 0.14 0.06 -0.19 -0.18 0.07 29.39 
25.153000 -0.04 0.32 2.31 -0.27 0.18 2.25 -0.46 0.00 2.31 0.23 0.14 0.06 -0.19 -0.18 0.06 29.42 
25.186001 -0.01 0.31 2.33 -0.25 0.19 2.26 -0.47 0.09 2.37 0.24 0.13 0.07 -0.22 -0.10 0.11 39.00 
25.221001 -0.01 0.31 2.33 -0.25 0.19 2.26 -0.47 0.09 2.37 0.24 0.13 0.07 -0.22 -0.10 0.11 37.62 
25.254000 0.00 0.31 2.34 -0.24 0.19 2.27 -0.46 0.09 2.37 0.24 0.12 0.07 -0.23 -0.10 0.09 34.98 
25.287001 0.06 0.30 2.38 -0.17 0.19 2.28 -0.39 0.10 2.37 0.24 0.11 0.10 -0.21 -0.10 0.09 41.75 
25.320000 0.06 0.31 2.38 -0.18 0.21 2.28 -0.33 0.14 2.40 0.24 0.10 0.10 -0.15 -0.07 0.11 55.73 
25.353001 0.06 0.30 2.39 -0.15 0.15 2.29 -0.32 0.07 2.40 0.21 0.15 0.09 -0.17 -0.08 0.11 50.27 
25.419001 0.07 0.30 2.39 -0.15 0.15 2.30 -0.39 0.08 2.37 0.21 0.15 0.10 -0.25 -0.07 0.07 39.53 
25.452999 0.07 0.30 2.39 -0.17 0.19 2.30 -0.40 0.09 2.37 0.24 0.11 0.09 -0.24 -0.10 0.07 34.19 
25.486000 0.07 0.30 2.39 -0.18 0.20 2.32 -0.41 0.08 2.38 0.25 0.11 0.07 -0.24 -0.11 0.06 27.26 
25.521000 0.07 0.31 2.40 -0.18 0.21 2.34 -0.41 0.11 2.43 0.25 0.10 0.06 -0.23 -0.10 0.08 30.17 
25.552999 0.08 0.31 2.41 -0.17 0.19 2.34 -0.41 0.09 2.39 0.24 0.11 0.07 -0.24 -0.10 0.05 26.34 
25.587000 0.08 0.31 2.41 -0.18 0.21 2.35 -0.41 0.12 2.43 0.25 0.09 0.06 -0.24 -0.09 0.08 29.90 
25.621000 0.08 0.31 2.42 -0.17 0.21 2.35 -0.41 0.12 2.43 0.25 0.10 0.07 -0.24 -0.09 0.08 30.72 
25.652000 0.08 0.31 2.42 -0.17 0.20 2.35 -0.41 0.09 2.39 0.25 0.11 0.07 -0.24 -0.11 0.05 24.92 
25.686001 0.08 0.31 2.42 -0.14 0.22 2.45 -0.39 0.11 2.45 0.22 0.08 -0.03 -0.25 -0.11 -0.00 7.75 
25.719999 0.08 0.31 2.42 -0.17 0.21 2.36 -0.41 0.11 2.43 0.25 0.09 0.06 -0.23 -0.10 0.07 29.43 
25.752001 0.08 0.31 2.43 -0.16 0.19 2.37 -0.41 0.10 2.43 0.24 0.12 0.06 -0.24 -0.09 0.07 27.36 
25.787001 0.08 0.30 2.43 -0.16 0.18 2.37 -0.41 0.10 2.44 0.24 0.12 0.06 -0.24 -0.09 0.06 26.52 
25.820000 0.08 0.30 2.43 -0.17 0.21 2.37 -0.41 0.09 2.40 0.25 0.09 0.07 -0.24 -0.12 0.04 22.37 
25.853001 0.08 0.30 2.43 -0.18 0.21 2.37 -0.41 0.09 2.40 0.25 0.09 0.07 -0.24 -0.12 0.04 23.15 
25.919001 0.08 0.30 2.44 -0.16 0.18 2.38 -0.41 0.10 2.46 0.24 0.13 0.05 -0.24 -0.07 0.08 30.76 
25.955000 0.08 0.30 2.44 -0.17 0.18 2.38 -0.41 0.10 2.44 0.24 0.12 0.06 -0.25 -0.08 0.06 27.27 
25.990999 0.08 0.30 2.44 -0.17 0.18 2.38 -0.41 0.09 2.45 0.24 0.12 0.06 -0.24 -0.09 0.07 28.23 
26.025000 0.08 0.30 2.44 -0.18 0.21 2.37 -0.41 0.11 2.45 0.25 0.09 0.07 -0.23 -0.10 0.08 32.85 
26.086000 0.07 0.30 2.44 -0.18 0.21 2.37 -0.42 0.10 2.43 0.25 0.09 0.07 -0.24 -0.11 0.06 28.33 
26.120001 0.07 0.30 2.44 -0.18 0.21 2.37 -0.42 0.10 2.43 0.25 0.09 0.07 -0.24 -0.11 0.06 28.38 
26.152000 0.07 0.30 2.44 -0.17 0.17 2.39 -0.42 0.09 2.44 0.24 0.13 0.06 -0.25 -0.08 0.05 24.59 
26.186001 0.07 0.30 2.45 -0.17 0.18 2.39 -0.41 0.10 2.46 0.24 0.12 0.06 -0.24 -0.07 0.08 30.36 
26.379999 0.07 0.30 2.45 -0.17 0.20 2.36 -0.41 0.09 2.39 0.24 0.11 0.09 -0.24 -0.11 0.04 26.18 
26.386999 0.07 0.30 2.45 -0.17 0.18 2.37 -0.41 0.10 2.43 0.24 0.12 0.08 -0.25 -0.08 0.06 30.68 
26.421000 0.07 0.30 2.45 -0.17 0.17 2.39 -0.41 0.10 2.46 0.24 0.13 0.06 -0.25 -0.07 0.08 31.24 
26.487000 0.07 0.30 2.45 -0.17 0.20 2.36 -0.41 0.08 2.40 0.24 0.10 0.09 -0.24 -0.11 0.04 26.95 
26.520000 0.07 0.30 2.45 -0.17 0.19 2.38 -0.41 0.11 2.47 0.24 0.12 0.07 -0.24 -0.08 0.09 33.69 
26.551001 0.07 0.30 2.45 -0.18 0.19 2.40 -0.42 0.10 2.45 0.25 0.11 0.05 -0.24 -0.10 0.05 20.65 
26.586000 0.07 0.30 2.45 -0.17 0.19 2.36 -0.41 0.08 2.40 0.24 0.11 0.09 -0.24 -0.11 0.03 24.99 
26.618999 0.07 0.30 2.45 -0.17 0.19 2.36 -0.41 0.08 2.40 0.24 0.11 0.09 -0.24 -0.11 0.03 25.41 
26.653999 0.07 0.30 2.45 -0.17 0.20 2.36 -0.41 0.09 2.40 0.24 0.11 0.09 -0.24 -0.11 0.04 27.17 
26.686001 0.07 0.30 2.45 -0.17 0.19 2.37 -0.42 0.08 2.40 0.24 0.11 0.07 -0.25 -0.11 0.03 21.07 
26.719999 0.07 0.30 2.45 -0.17 0.18 2.39 -0.41 0.11 2.47 0.24 0.12 0.06 -0.24 -0.07 0.08 31.29 
26.754000 0.07 0.30 2.45 -0.17 0.18 2.39 -0.41 0.11 2.47 0.24 0.12 0.06 -0.24 -0.08 0.08 31.49 
26.785999 0.07 0.30 2.45 -0.17 0.18 2.39 -0.41 0.11 2.47 0.24 0.12 0.06 -0.24 -0.08 0.08 31.81 
26.820000 0.07 0.30 2.45 -0.17 0.19 2.37 -0.41 0.09 2.40 0.24 0.11 0.08 -0.24 -0.10 0.04 25.58 
26.853001 0.07 0.30 2.45 -0.17 0.19 2.37 -0.41 0.09 2.40 0.24 0.11 0.08 -0.24 -0.10 0.04 25.61 
26.886999 0.07 0.30 2.45 -0.17 0.19 2.38 -0.42 0.10 2.44 0.24 0.11 0.07 -0.24 -0.09 0.06 27.37 
26.920000 0.07 0.30 2.45 -0.17 0.18 2.38 -0.41 0.10 2.44 0.24 0.12 0.07 -0.25 -0.09 0.06 28.98 
26.952000 0.07 0.30 2.45 -0.17 0.18 2.38 -0.42 0.08 2.40 0.24 0.12 0.07 -0.25 -0.10 0.02 20.46 
27.020000 0.07 0.30 2.45 -0.17 0.18 2.39 -0.41 0.09 2.44 0.24 0.12 0.06 -0.25 -0.08 0.05 26.15 
27.056000 0.07 0.30 2.45 -0.18 0.20 2.38 -0.42 0.10 2.44 0.25 0.10 0.07 -0.24 -0.10 0.06 27.53 
27.091000 0.07 0.30 2.45 -0.17 0.18 2.39 -0.41 0.11 2.47 0.24 0.12 0.06 -0.24 -0.07 0.08 31.06 
27.127001 0.07 0.30 2.45 -0.17 0.18 2.37 -0.41 0.11 2.46 0.24 0.12 0.08 -0.24 -0.07 0.09 36.33 
27.186001 0.07 0.30 2.45 -0.17 0.18 2.37 -0.41 0.11 2.46 0.24 0.12 0.08 -0.24 -0.07 0.09 36.17 
27.221001 0.07 0.30 2.45 -0.17 0.19 2.37 -0.41 0.08 2.40 0.24 0.11 0.08 -0.25 -0.11 0.03 23.24 
27.254000 0.07 0.30 2.45 -0.17 0.19 2.37 -0.41 0.08 2.40 0.24 0.11 0.08 -0.25 -0.11 0.03 23.66 
27.287001 0.07 0.30 2.45 -0.17 0.19 2.37 -0.41 0.08 2.40 0.24 0.11 0.08 -0.25 -0.10 0.03 22.87 
27.320000 0.07 0.30 2.45 -0.17 0.18 2.37 -0.41 0.08 2.40 0.24 0.12 0.08 -0.25 -0.10 0.03 22.39 
27.353001 0.07 0.30 2.45 -0.17 0.19 2.37 -0.41 0.08 2.40 0.24 0.11 0.08 -0.25 -0.10 0.03 23.44 
27.386000 0.07 0.30 2.45 -0.17 0.18 2.37 -0.41 0.08 2.40 0.24 0.12 0.08 -0.25 -0.10 0.03 22.93 
27.421000 0.07 0.30 2.45 -0.17 0.17 2.40 -0.42 0.09 2.45 0.24 0.12 0.06 -0.25 -0.08 0.05 24.05 
27.452999 0.07 0.30 2.45 -0.16 0.18 2.38 -0.41 0.08 2.40 0.24 0.12 0.07 -0.25 -0.10 0.03 22.25 
27.486000 0.07 0.30 2.45 -0.16 0.18 2.38 -0.41 0.08 2.40 0.24 0.12 0.07 -0.25 -0.10 0.03 22.43 
27.521000 0.07 0.30 2.45 -0.17 0.19 2.37 -0.41 0.08 2.40 0.24 0.11 0.08 -0.25 -0.11 0.03 24.52 
27.552999 0.07 0.30 2.45 -0.17 0.19 2.37 -0.41 0.08 2.40 0.24 0.11 0.09 -0.24 -0.11 0.04 25.63 
27.586000 0.07 0.30 2.45 -0.17 0.19 2.37 -0.41 0.09 2.40 0.24 0.11 0.09 -0.25 -0.10 0.04 25.54 
27.620001 0.07 0.30 2.45 -0.17 0.19 2.37 -0.41 0.09 2.40 0.24 0.11 0.09 -0.24 -0.10 0.04 25.71 
27.652000 0.07 0.30 2.45 -0.17 0.18 2.38 -0.41 0.11 2.46 0.24 0.12 0.08 -0.24 -0.07 0.09 35.83 
27.688000 0.07 0.30 2.45 -0.17 0.20 2.36 -0.41 0.09 2.40 0.24 0.10 0.09 -0.24 -0.11 0.03 25.63 
27.719000 0.07 0.30 2.45 -0.17 0.18 2.37 -0.41 0.08 2.40 0.24 0.12 0.08 -0.25 -0.10 0.03 22.12 
27.753000 0.07 0.30 2.45 -0.17 0.19 2.37 -0.41 0.08 2.40 0.24 0.11 0.08 -0.25 -0.10 0.03 23.43 
27.787001 0.07 0.30 2.45 -0.17 0.19 2.37 -0.41 0.08 2.40 0.24 0.11 0.08 -0.25 -0.10 0.03 24.09 
27.820000 0.07 0.30 2.45 -0.17 0.20 2.37 -0.41 0.09 2.40 0.24 0.10 0.09 -0.24 -0.11 0.03 25.44 
