3.215000 0.12 0.16 2.51 0.10 -0.58 2.46 -0.07 -0.09 2.44 -0.19 -0.33 2.41 0.23 -0.12 2.58 0.27 -0.42 2.64 -0.21 -0.56 2.31 0.31 -0.65 2.57 
3.248000 0.12 0.16 2.51 0.10 -0.58 2.46 -0.07 -0.09 2.44 -0.18 -0.34 2.42 0.24 -0.12 2.58 0.27 -0.41 2.64 -0.21 -0.56 2.32 0.31 -0.64 2.57 
3.282000 0.12 0.16 2.52 0.11 -0.58 2.46 -0.06 -0.09 2.47 -0.17 -0.34 2.44 0.24 -0.12 2.59 0.28 -0.41 2.64 -0.21 -0.56 2.34 0.33 -0.64 2.57 
3.315000 0.13 0.15 2.54 0.11 -0.58 2.47 -0.06 -0.09 2.48 -0.16 -0.34 2.45 0.26 -0.12 2.59 0.30 -0.41 2.65 -0.20 -0.56 2.35 0.34 -0.64 2.56 
3.348000 0.13 0.16 2.55 0.11 -0.58 2.48 -0.06 -0.10 2.49 -0.15 -0.35 2.47 0.26 -0.12 2.60 0.31 -0.41 2.65 -0.20 -0.57 2.37 0.35 -0.64 2.56 
3.384000 0.13 0.15 2.56 0.11 -0.59 2.48 -0.05 -0.10 2.51 -0.14 -0.35 2.48 0.27 -0.13 2.60 0.31 -0.41 2.64 -0.19 -0.57 2.38 0.36 -0.64 2.56 
3.414000 0.13 0.15 2.57 0.11 -0.59 2.48 -0.05 -0.10 2.51 -0.13 -0.35 2.49 0.27 -0.13 2.60 0.32 -0.41 2.64 -0.18 -0.57 2.39 0.37 -0.63 2.55 
3.447000 0.13 0.15 2.58 0.11 -0.59 2.49 -0.05 -0.10 2.52 -0.13 -0.35 2.50 0.28 -0.13 2.60 0.33 -0.41 2.64 -0.18 -0.57 2.40 0.37 -0.63 2.55 
3.481000 0.13 0.15 2.59 0.11 -0.59 2.49 -0.05 -0.10 2.53 -0.13 -0.35 2.50 0.28 -0.13 2.60 0.33 -0.41 2.64 -0.17 -0.57 2.40 0.37 -0.63 2.54 
3.514000 0.13 0.15 2.59 0.11 -0.59 2.50 -0.05 -0.10 2.54 -0.12 -0.35 2.51 0.28 -0.13 2.60 0.33 -0.41 2.64 -0.17 -0.57 2.41 0.37 -0.62 2.53 
3.548000 0.13 0.15 2.60 0.11 -0.59 2.50 -0.05 -0.10 2.55 -0.12 -0.35 2.52 0.28 -0.13 2.60 0.34 -0.40 2.63 -0.16 -0.57 2.41 0.37 -0.62 2.53 
3.582000 0.13 0.15 2.60 0.11 -0.59 2.50 -0.05 -0.11 2.55 -0.12 -0.35 2.53 0.28 -0.13 2.60 0.34 -0.40 2.63 -0.16 -0.57 2.42 0.37 -0.62 2.52 
3.615000 0.13 0.15 2.60 0.11 -0.59 2.50 -0.05 -0.11 2.56 -0.12 -0.36 2.53 0.28 -0.13 2.60 0.34 -0.40 2.63 -0.16 -0.57 2.43 0.37 -0.61 2.52 
3.682000 0.12 0.15 2.61 0.11 -0.60 2.51 -0.06 -0.11 2.56 -0.12 -0.36 2.54 0.28 -0.13 2.60 0.33 -0.40 2.62 -0.16 -0.57 2.43 0.37 -0.61 2.51 
3.714000 0.12 0.15 2.61 0.11 -0.60 2.51 -0.06 -0.11 2.57 -0.13 -0.36 2.54 0.27 -0.13 2.60 0.33 -0.40 2.62 -0.16 -0.58 2.44 0.37 -0.61 2.51 
3.747000 0.11 0.15 2.61 0.10 -0.60 2.51 -0.07 -0.11 2.57 -0.13 -0.36 2.54 0.27 -0.13 2.60 0.32 -0.40 2.62 -0.16 -0.58 2.44 0.36 -0.61 2.50 
3.783000 0.10 0.15 2.61 0.10 -0.60 2.51 -0.07 -0.11 2.57 -0.13 -0.37 2.54 0.26 -0.13 2.60 0.32 -0.40 2.61 -0.16 -0.58 2.44 0.35 -0.61 2.50 
3.816000 0.09 0.15 2.62 0.10 -0.60 2.51 -0.08 -0.11 2.57 -0.14 -0.37 2.54 0.26 -0.13 2.60 0.31 -0.40 2.61 -0.16 -0.58 2.45 0.35 -0.61 2.49 
3.848000 0.09 0.15 2.62 0.09 -0.60 2.52 -0.09 -0.11 2.57 -0.14 -0.37 2.54 0.26 -0.13 2.60 0.31 -0.40 2.61 -0.16 -0.58 2.45 0.34 -0.61 2.49 
3.883000 0.09 0.15 2.62 0.09 -0.60 2.52 -0.09 -0.12 2.57 -0.14 -0.37 2.54 0.26 -0.13 2.60 0.30 -0.40 2.60 -0.16 -0.58 2.45 0.33 -0.61 2.49 
3.914000 0.08 0.15 2.62 0.09 -0.60 2.52 -0.09 -0.12 2.57 -0.14 -0.37 2.54 0.25 -0.13 2.60 0.30 -0.40 2.60 -0.16 -0.58 2.45 0.32 -0.61 2.49 
3.949000 0.08 0.15 2.62 0.09 -0.60 2.52 -0.09 -0.12 2.57 -0.14 -0.37 2.54 0.25 -0.13 2.60 0.30 -0.40 2.60 -0.16 -0.58 2.45 0.31 -0.61 2.48 
3.984000 0.08 0.15 2.62 0.09 -0.60 2.52 -0.09 -0.12 2.57 -0.14 -0.37 2.54 0.25 -0.13 2.60 0.30 -0.40 2.60 -0.16 -0.59 2.45 0.31 -0.60 2.48 
4.015000 0.08 0.15 2.62 0.09 -0.60 2.51 -0.09 -0.12 2.57 -0.14 -0.37 2.55 0.25 -0.13 2.60 0.30 -0.40 2.59 -0.15 -0.59 2.45 0.30 -0.60 2.48 
4.048000 0.08 0.15 2.62 0.09 -0.60 2.51 -0.09 -0.12 2.58 -0.14 -0.37 2.55 0.25 -0.13 2.60 0.30 -0.40 2.59 -0.15 -0.59 2.45 0.30 -0.60 2.47 
4.086000 0.08 0.15 2.62 0.09 -0.60 2.51 -0.09 -0.12 2.58 -0.14 -0.37 2.55 0.25 -0.13 2.60 0.30 -0.39 2.59 -0.15 -0.59 2.45 0.30 -0.60 2.47 
4.115000 0.08 0.15 2.63 0.09 -0.60 2.51 -0.09 -0.12 2.58 -0.13 -0.37 2.55 0.26 -0.13 2.59 0.30 -0.39 2.58 -0.15 -0.59 2.45 0.30 -0.60 2.47 
4.148000 0.09 0.15 2.63 0.09 -0.60 2.50 -0.09 -0.12 2.58 -0.13 -0.37 2.55 0.26 -0.13 2.59 0.30 -0.39 2.58 -0.14 -0.58 2.45 0.30 -0.60 2.47 
4.182000 0.09 0.15 2.63 0.09 -0.60 2.50 -0.08 -0.12 2.58 -0.13 -0.37 2.54 0.26 -0.13 2.59 0.30 -0.39 2.58 -0.14 -0.58 2.45 0.30 -0.60 2.46 
4.214000 0.09 0.15 2.64 0.09 -0.60 2.50 -0.08 -0.12 2.58 -0.13 -0.37 2.54 0.26 -0.13 2.59 0.30 -0.39 2.57 -0.14 -0.58 2.45 0.30 -0.59 2.46 
4.247000 0.09 0.15 2.64 0.09 -0.60 2.49 -0.08 -0.12 2.58 -0.13 -0.37 2.54 0.26 -0.13 2.59 0.30 -0.39 2.57 -0.14 -0.58 2.44 0.30 -0.59 2.45 
4.284000 0.09 0.15 2.64 0.09 -0.60 2.49 -0.08 -0.12 2.58 -0.13 -0.37 2.54 0.26 -0.13 2.59 0.30 -0.39 2.57 -0.14 -0.58 2.44 0.30 -0.59 2.45 
4.315000 0.10 0.15 2.64 0.09 -0.60 2.49 -0.08 -0.12 2.58 -0.12 -0.37 2.54 0.26 -0.13 2.59 0.30 -0.39 2.57 -0.14 -0.58 2.44 0.30 -0.59 2.45 
4.347000 0.10 0.15 2.64 0.09 -0.60 2.49 -0.08 -0.12 2.58 -0.12 -0.37 2.54 0.26 -0.13 2.59 0.30 -0.39 2.56 -0.13 -0.58 2.44 0.30 -0.59 2.45 
4.383000 0.10 0.15 2.64 0.09 -0.60 2.49 -0.08 -0.12 2.58 -0.12 -0.37 2.54 0.26 -0.13 2.58 0.30 -0.39 2.56 -0.13 -0.58 2.44 0.30 -0.59 2.44 
4.415000 0.10 0.15 2.64 0.09 -0.60 2.48 -0.08 -0.12 2.58 -0.12 -0.37 2.54 0.26 -0.13 2.58 0.30 -0.39 2.56 -0.13 -0.59 2.43 0.30 -0.59 2.44 
4.448000 0.10 0.15 2.64 0.09 -0.60 2.48 -0.08 -0.12 2.58 -0.12 -0.37 2.54 0.26 -0.13 2.58 0.30 -0.39 2.55 -0.13 -0.59 2.43 0.30 -0.59 2.44 
4.483000 0.10 0.15 2.64 0.09 -0.60 2.48 -0.08 -0.12 2.58 -0.12 -0.37 2.54 0.26 -0.13 2.58 0.30 -0.39 2.55 -0.13 -0.59 2.43 0.30 -0.59 2.44 
4.514000 0.10 0.15 2.64 0.09 -0.60 2.48 -0.08 -0.12 2.58 -0.12 -0.37 2.54 0.26 -0.13 2.58 0.30 -0.39 2.55 -0.13 -0.59 2.43 0.30 -0.59 2.44 
4.547000 0.10 0.15 2.64 0.09 -0.60 2.48 -0.08 -0.12 2.58 -0.12 -0.37 2.54 0.26 -0.13 2.58 0.30 -0.39 2.55 -0.13 -0.59 2.43 0.30 -0.59 2.43 
4.584000 0.09 0.15 2.64 0.09 -0.60 2.47 -0.08 -0.12 2.58 -0.12 -0.37 2.54 0.26 -0.13 2.57 0.30 -0.39 2.55 -0.13 -0.59 2.43 0.30 -0.59 2.43 
4.650000 0.09 0.15 2.64 0.09 -0.60 2.47 -0.08 -0.12 2.58 -0.12 -0.37 2.53 0.26 -0.13 2.57 0.30 -0.39 2.54 -0.13 -0.59 2.43 0.30 -0.59 2.43 
4.715000 0.09 0.15 2.64 0.08 -0.60 2.47 -0.08 -0.12 2.58 -0.12 -0.37 2.53 0.26 -0.13 2.57 0.30 -0.39 2.54 -0.13 -0.59 2.42 0.30 -0.59 2.43 
4.747000 0.09 0.15 2.64 0.08 -0.60 2.47 -0.09 -0.12 2.57 -0.13 -0.37 2.53 0.26 -0.13 2.57 0.30 -0.39 2.54 -0.13 -0.59 2.42 0.30 -0.59 2.43 
4.782000 0.09 0.16 2.63 0.08 -0.60 2.47 -0.09 -0.12 2.57 -0.13 -0.37 2.53 0.26 -0.13 2.57 0.30 -0.39 2.54 -0.13 -0.59 2.42 0.30 -0.59 2.43 
4.815000 0.08 0.16 2.63 0.08 -0.60 2.47 -0.09 -0.12 2.57 -0.13 -0.37 2.53 0.26 -0.13 2.56 0.30 -0.39 2.54 -0.13 -0.60 2.42 0.30 -0.59 2.42 
4.848000 0.08 0.16 2.63 0.08 -0.60 2.47 -0.09 -0.12 2.57 -0.13 -0.37 2.53 0.25 -0.13 2.56 0.30 -0.38 2.54 -0.13 -0.60 2.42 0.29 -0.59 2.42 
4.882000 0.08 0.16 2.63 0.08 -0.60 2.47 -0.09 -0.12 2.57 -0.13 -0.37 2.53 0.25 -0.13 2.56 0.30 -0.38 2.54 -0.14 -0.59 2.42 0.29 -0.59 2.42 
4.915000 0.08 0.16 2.63 0.08 -0.60 2.47 -0.09 -0.12 2.57 -0.13 -0.37 2.53 0.25 -0.13 2.56 0.29 -0.38 2.53 -0.14 -0.59 2.42 0.29 -0.59 2.42 
4.947000 0.08 0.16 2.63 0.08 -0.60 2.47 -0.09 -0.12 2.57 -0.13 -0.37 2.53 0.25 -0.13 2.56 0.29 -0.38 2.53 -0.14 -0.59 2.42 0.29 -0.59 2.42 
4.982000 0.08 0.16 2.63 0.08 -0.60 2.47 -0.09 -0.12 2.57 -0.13 -0.37 2.52 0.25 -0.13 2.56 0.29 -0.38 2.53 -0.14 -0.59 2.42 0.29 -0.59 2.42 
5.015000 0.08 0.16 2.62 0.08 -0.60 2.46 -0.10 -0.12 2.57 -0.13 -0.37 2.52 0.25 -0.13 2.56 0.29 -0.38 2.53 -0.14 -0.59 2.42 0.29 -0.59 2.42 
5.048000 0.08 0.16 2.62 0.08 -0.60 2.46 -0.10 -0.12 2.56 -0.13 -0.37 2.52 0.25 -0.13 2.56 0.29 -0.38 2.53 -0.14 -0.59 2.42 0.29 -0.59 2.42 
5.081000 0.07 0.16 2.62 0.07 -0.60 2.46 -0.10 -0.12 2.56 -0.13 -0.37 2.52 0.25 -0.13 2.56 0.29 -0.38 2.53 -0.14 -0.60 2.42 0.29 -0.59 2.42 
5.115000 0.07 0.16 2.62 0.07 -0.60 2.46 -0.10 -0.12 2.56 -0.13 -0.37 2.52 0.25 -0.13 2.56 0.29 -0.38 2.53 -0.14 -0.59 2.42 0.29 -0.59 2.42 
5.148000 0.07 0.16 2.62 0.07 -0.60 2.46 -0.10 -0.12 2.56 -0.13 -0.37 2.52 0.24 -0.12 2.55 0.29 -0.38 2.53 -0.14 -0.60 2.42 0.29 -0.59 2.42 
5.184000 0.07 0.16 2.62 0.07 -0.60 2.46 -0.10 -0.12 2.56 -0.13 -0.37 2.52 0.24 -0.12 2.55 0.29 -0.38 2.53 -0.14 -0.60 2.42 0.29 -0.59 2.42 
5.215000 0.07 0.16 2.62 0.07 -0.60 2.46 -0.10 -0.12 2.56 -0.14 -0.37 2.52 0.24 -0.12 2.55 0.29 -0.38 2.53 -0.14 -0.60 2.42 0.29 -0.59 2.42 
5.248000 0.07 0.16 2.62 0.07 -0.60 2.46 -0.10 -0.12 2.56 -0.14 -0.37 2.52 0.24 -0.12 2.55 0.29 -0.38 2.53 -0.14 -0.59 2.42 0.29 -0.59 2.42 
5.282000 0.07 0.16 2.62 0.07 -0.60 2.46 -0.10 -0.12 2.56 -0.14 -0.37 2.52 0.24 -0.12 2.55 0.29 -0.38 2.53 -0.14 -0.59 2.42 0.29 -0.59 2.42 
5.315000 0.07 0.16 2.62 0.07 -0.60 2.46 -0.10 -0.12 2.56 -0.14 -0.37 2.52 0.24 -0.12 2.55 0.29 -0.38 2.53 -0.14 -0.59 2.42 0.29 -0.59 2.42 
5.347000 0.07 0.16 2.62 0.07 -0.60 2.46 -0.10 -0.12 2.56 -0.14 -0.37 2.52 0.24 -0.12 2.55 0.29 -0.38 2.52 -0.14 -0.59 2.42 0.29 -0.59 2.42 
5.381000 0.07 0.16 2.62 0.07 -0.60 2.46 -0.11 -0.12 2.56 -0.14 -0.37 2.52 0.24 -0.12 2.55 0.28 -0.38 2.52 -0.15 -0.59 2.42 0.29 -0.59 2.41 
5.415000 0.07 0.16 2.62 0.07 -0.60 2.46 -0.11 -0.12 2.56 -0.14 -0.37 2.51 0.24 -0.12 2.55 0.28 -0.38 2.52 -0.15 -0.59 2.41 0.29 -0.59 2.41 
5.450000 0.07 0.16 2.62 0.07 -0.60 2.46 -0.11 -0.12 2.56 -0.14 -0.37 2.51 0.24 -0.12 2.55 0.28 -0.38 2.51 -0.15 -0.60 2.40 0.28 -0.58 2.40 
5.482000 0.06 0.16 2.62 0.07 -0.60 2.46 -0.11 -0.12 2.56 -0.14 -0.37 2.51 0.24 -0.12 2.55 0.28 -0.38 2.50 -0.15 -0.60 2.40 0.28 -0.58 2.39 
5.515000 0.06 0.16 2.62 0.07 -0.60 2.46 -0.11 -0.12 2.56 -0.15 -0.37 2.50 0.24 -0.12 2.55 0.28 -0.37 2.49 -0.15 -0.60 2.38 0.28 -0.58 2.37 
5.548000 0.06 0.16 2.63 0.07 -0.60 2.46 -0.11 -0.12 2.56 -0.15 -0.37 2.49 0.24 -0.12 2.55 0.28 -0.37 2.48 -0.15 -0.60 2.37 0.27 -0.58 2.34 
5.581000 0.06 0.16 2.63 0.06 -0.60 2.45 -0.11 -0.12 2.56 -0.15 -0.37 2.47 0.24 -0.12 2.55 0.28 -0.35 2.46 -0.16 -0.58 2.34 0.26 -0.56 2.31 
5.616000 0.06 0.16 2.64 0.06 -0.60 2.45 -0.11 -0.12 2.56 -0.15 -0.36 2.45 0.24 -0.12 2.55 0.27 -0.34 2.44 -0.16 -0.55 2.31 0.26 -0.53 2.26 
5.649000 0.06 0.16 2.64 0.06 -0.60 2.45 -0.11 -0.12 2.56 -0.15 -0.34 2.43 0.23 -0.12 2.54 0.26 -0.33 2.43 -0.17 -0.51 2.27 0.25 -0.50 2.22 
5.715000 0.06 0.15 2.65 0.06 -0.60 2.45 -0.11 -0.12 2.56 -0.16 -0.31 2.35 0.23 -0.12 2.54 0.24 -0.32 2.41 -0.17 -0.45 2.16 0.23 -0.39 2.17 
5.748000 0.06 0.15 2.65 0.06 -0.60 2.46 -0.11 -0.12 2.56 -0.16 -0.26 2.37 0.23 -0.12 2.54 0.23 -0.32 2.41 -0.16 -0.36 2.15 0.22 -0.35 2.12 
5.782000 0.06 0.15 2.66 0.06 -0.60 2.46 -0.11 -0.11 2.56 -0.16 -0.21 2.34 0.22 -0.11 2.53 0.22 -0.31 2.40 -0.16 -0.30 2.12 0.21 -0.27 2.11 
5.815000 0.06 0.15 2.66 0.06 -0.60 2.46 -0.10 -0.11 2.56 -0.16 -0.17 2.33 0.22 -0.11 2.53 0.22 -0.30 2.39 -0.17 -0.24 2.05 0.20 -0.22 2.09 
5.849000 0.06 0.15 2.66 0.06 -0.60 2.46 -0.10 -0.11 2.56 -0.15 -0.18 2.34 0.22 -0.11 2.53 0.26 -0.27 2.37 -0.15 -0.17 2.10 0.19 -0.15 2.11 
5.882000 0.06 0.15 2.67 0.06 -0.60 2.46 -0.09 -0.11 2.56 -0.12 -0.21 2.35 0.20 -0.09 2.54 0.26 -0.25 2.38 -0.15 -0.17 2.07 0.19 -0.13 2.10 
5.915000 0.06 0.15 2.67 0.06 -0.60 2.46 -0.08 -0.11 2.55 -0.20 -0.14 2.35 0.20 -0.09 2.54 0.20 -0.33 2.44 -0.13 -0.07 2.05 0.16 -0.29 2.13 
5.947000 0.06 0.15 2.67 0.06 -0.60 2.46 -0.08 -0.11 2.55 -0.18 -0.10 2.34 0.20 -0.08 2.54 0.22 -0.09 2.29 -0.14 -0.03 2.09 0.17 -0.04 2.07 
5.981000 0.06 0.15 2.67 0.06 -0.60 2.46 -0.08 -0.11 2.56 -0.16 -0.05 2.34 0.17 -0.13 2.51 0.22 -0.07 2.28 -0.12 0.00 2.11 0.13 0.00 2.04 
6.014000 0.05 0.16 2.67 0.06 -0.60 2.46 -0.08 -0.11 2.56 -0.16 -0.05 2.34 0.17 -0.13 2.51 0.22 -0.06 2.29 -0.13 0.03 2.11 0.14 0.01 2.08 
6.048000 0.05 0.16 2.67 0.06 -0.60 2.46 -0.08 -0.11 2.56 -0.16 -0.04 2.34 0.17 -0.13 2.51 0.22 -0.05 2.29 -0.13 0.03 2.12 0.13 0.02 2.08 
6.084000 0.05 0.16 2.67 0.06 -0.60 2.46 -0.08 -0.11 2.56 -0.15 -0.04 2.34 0.17 -0.13 2.51 0.21 -0.05 2.29 -0.12 0.04 2.12 0.13 0.02 2.08 
6.115000 0.05 0.16 2.67 0.06 -0.60 2.46 -0.08 -0.11 2.56 -0.14 -0.03 2.34 0.17 -0.13 2.51 0.21 -0.05 2.29 -0.11 0.06 2.07 0.13 0.02 2.08 
6.148000 0.05 0.16 2.67 0.06 -0.60 2.46 -0.08 -0.11 2.56 -0.14 -0.03 2.34 0.17 -0.13 2.51 0.21 -0.04 2.29 -0.11 0.07 2.06 0.13 0.02 2.08 
6.182000 0.05 0.16 2.67 0.06 -0.60 2.46 -0.08 -0.11 2.56 -0.15 -0.03 2.34 0.17 -0.13 2.51 0.21 -0.04 2.29 -0.11 0.07 2.04 0.13 0.02 2.08 
6.215000 0.05 0.16 2.67 0.06 -0.60 2.46 -0.08 -0.11 2.56 -0.14 -0.03 2.34 0.17 -0.13 2.51 0.21 -0.05 2.29 -0.12 0.05 2.03 0.13 0.02 2.08 
6.249000 0.05 0.16 2.67 0.06 -0.60 2.45 -0.08 -0.11 2.56 -0.14 -0.04 2.34 0.17 -0.13 2.51 0.21 -0.05 2.29 -0.11 0.05 2.03 0.13 0.02 2.08 
6.282000 0.05 0.16 2.67 0.06 -0.60 2.45 -0.07 -0.11 2.56 -0.14 -0.04 2.34 0.18 -0.13 2.51 0.21 -0.05 2.29 -0.11 0.05 2.03 0.12 0.01 2.08 
6.315000 0.05 0.16 2.67 0.06 -0.60 2.45 -0.07 -0.11 2.56 -0.14 -0.04 2.33 0.18 -0.13 2.51 0.21 -0.05 2.29 -0.11 0.02 2.12 0.12 0.01 2.08 
6.347000 0.05 0.16 2.67 0.06 -0.60 2.45 -0.07 -0.11 2.55 -0.14 -0.04 2.33 0.18 -0.13 2.51 0.21 -0.05 2.29 -0.11 0.02 2.12 0.12 0.01 2.08 
6.383000 0.06 0.16 2.67 0.06 -0.60 2.45 -0.07 -0.11 2.55 -0.14 -0.04 2.33 0.18 -0.13 2.51 0.23 -0.04 2.30 -0.10 0.02 2.11 0.13 0.01 2.08 
6.415000 0.06 0.16 2.67 0.06 -0.60 2.45 -0.06 -0.11 2.55 -0.13 -0.04 2.33 0.18 -0.13 2.51 0.23 -0.05 2.29 -0.10 0.02 2.11 0.13 0.01 2.08 
6.448000 0.06 0.16 2.67 0.06 -0.60 2.45 -0.06 -0.11 2.55 -0.13 -0.04 2.33 0.18 -0.13 2.51 0.23 -0.05 2.29 -0.10 0.02 2.11 0.13 0.01 2.09 
6.482000 0.06 0.16 2.67 0.06 -0.60 2.45 -0.06 -0.11 2.55 -0.13 -0.04 2.33 0.18 -0.13 2.51 0.23 -0.05 2.29 -0.10 0.02 2.11 0.13 0.01 2.09 
6.514000 0.06 0.16 2.67 0.06 -0.60 2.45 -0.06 -0.11 2.55 -0.13 -0.04 2.33 0.18 -0.13 2.51 0.23 -0.05 2.29 -0.10 0.03 2.11 0.13 0.01 2.09 
6.548000 0.06 0.16 2.67 0.06 -0.60 2.45 -0.06 -0.11 2.55 -0.13 -0.04 2.33 0.18 -0.14 2.51 0.23 -0.05 2.29 -0.10 0.03 2.11 0.13 0.01 2.09 
6.582000 0.06 0.16 2.67 0.06 -0.60 2.45 -0.06 -0.11 2.55 -0.13 -0.04 2.33 0.18 -0.14 2.51 0.23 -0.05 2.29 -0.10 0.03 2.11 0.13 0.01 2.09 
6.614000 0.06 0.16 2.67 0.06 -0.60 2.45 -0.06 -0.11 2.55 -0.13 -0.04 2.33 0.18 -0.14 2.51 0.23 -0.05 2.29 -0.10 0.03 2.11 0.13 0.01 2.09 
6.649000 0.06 0.16 2.67 0.06 -0.60 2.45 -0.06 -0.11 2.55 -0.13 -0.04 2.33 0.18 -0.14 2.51 0.23 -0.05 2.29 -0.10 0.03 2.11 0.13 0.01 2.09 
6.684000 0.06 0.16 2.67 0.06 -0.60 2.45 -0.06 -0.11 2.55 -0.13 -0.04 2.33 0.18 -0.14 2.51 0.23 -0.05 2.29 -0.10 0.03 2.11 0.13 0.01 2.09 
6.748000 0.06 0.16 2.67 0.06 -0.60 2.45 -0.06 -0.11 2.55 -0.13 -0.04 2.33 0.18 -0.14 2.51 0.23 -0.05 2.29 -0.10 0.03 2.11 0.13 0.01 2.09 
6.783000 0.06 0.16 2.67 0.06 -0.60 2.45 -0.06 -0.11 2.55 -0.13 -0.04 2.33 0.18 -0.14 2.51 0.23 -0.05 2.29 -0.10 0.03 2.11 0.13 0.01 2.09 
6.814000 0.06 0.16 2.67 0.06 -0.60 2.45 -0.06 -0.11 2.55 -0.13 -0.04 2.33 0.18 -0.14 2.51 0.23 -0.05 2.29 -0.09 0.02 2.11 0.13 0.01 2.09 
6.848000 0.06 0.16 2.67 0.06 -0.60 2.45 -0.06 -0.11 2.55 -0.13 -0.04 2.33 0.18 -0.14 2.51 0.23 -0.05 2.29 -0.09 0.02 2.11 0.13 0.01 2.09 
6.882000 0.06 0.16 2.67 0.06 -0.60 2.45 -0.06 -0.11 2.55 -0.13 -0.04 2.33 0.18 -0.14 2.51 0.23 -0.05 2.29 -0.10 0.03 2.11 0.13 0.01 2.09 
6.919000 0.06 0.16 2.67 0.06 -0.60 2.45 -0.06 -0.11 2.55 -0.13 -0.04 2.33 0.18 -0.14 2.51 0.23 -0.05 2.29 -0.10 0.03 2.11 0.13 0.01 2.09 
6.986000 0.06 0.16 2.67 0.06 -0.60 2.45 -0.06 -0.11 2.55 -0.13 -0.04 2.33 0.18 -0.14 2.51 0.23 -0.05 2.29 -0.09 0.02 2.11 0.13 0.01 2.09 
7.015000 0.06 0.16 2.67 0.06 -0.60 2.45 -0.06 -0.11 2.55 -0.13 -0.04 2.33 0.18 -0.14 2.51 0.22 -0.05 2.29 -0.09 0.02 2.11 0.13 0.01 2.09 
7.049000 0.06 0.16 2.67 0.06 -0.60 2.45 -0.06 -0.11 2.55 -0.13 -0.04 2.33 0.18 -0.14 2.51 0.22 -0.05 2.29 -0.09 0.02 2.11 0.12 0.01 2.08 
7.081000 0.07 0.16 2.67 0.06 -0.60 2.45 -0.06 -0.11 2.55 -0.13 -0.05 2.33 0.18 -0.14 2.51 0.22 -0.05 2.29 -0.09 0.02 2.11 0.12 0.01 2.08 
7.149000 0.07 0.16 2.67 0.06 -0.60 2.45 -0.06 -0.11 2.55 -0.13 -0.05 2.33 0.18 -0.14 2.51 0.22 -0.05 2.29 -0.09 0.02 2.11 0.12 0.01 2.08 
7.183000 0.07 0.16 2.67 0.06 -0.60 2.45 -0.06 -0.11 2.55 -0.13 -0.05 2.33 0.19 -0.14 2.52 0.21 -0.05 2.29 -0.09 0.02 2.11 0.12 0.01 2.08 
7.215000 0.07 0.16 2.68 0.06 -0.60 2.45 -0.06 -0.11 2.55 -0.13 -0.05 2.33 0.19 -0.14 2.52 0.21 -0.05 2.29 -0.09 0.02 2.11 0.12 0.01 2.08 
7.248000 0.07 0.16 2.68 0.06 -0.60 2.45 -0.06 -0.11 2.55 -0.13 -0.05 2.33 0.19 -0.14 2.52 0.21 -0.05 2.29 -0.07 0.01 2.11 0.12 0.01 2.08 
7.283000 0.07 0.16 2.68 0.06 -0.60 2.45 -0.06 -0.11 2.55 -0.13 -0.05 2.33 0.19 -0.14 2.52 0.21 -0.05 2.29 -0.10 0.02 2.11 0.12 0.01 2.08 
7.315000 0.07 0.16 2.68 0.06 -0.60 2.45 -0.06 -0.11 2.55 -0.13 -0.05 2.33 0.19 -0.14 2.52 0.21 -0.05 2.29 -0.09 0.02 2.11 0.12 0.01 2.08 
7.353000 0.07 0.16 2.68 0.06 -0.60 2.46 -0.06 -0.11 2.55 -0.13 -0.05 2.33 0.19 -0.14 2.52 0.21 -0.05 2.29 -0.10 0.02 2.11 0.12 0.01 2.08 
7.382000 0.07 0.16 2.68 0.06 -0.60 2.46 -0.06 -0.11 2.55 -0.13 -0.05 2.33 0.19 -0.15 2.52 0.21 -0.05 2.30 -0.09 0.01 2.11 0.12 0.00 2.08 
7.416000 0.06 0.16 2.68 0.06 -0.60 2.46 -0.06 -0.11 2.55 -0.13 -0.05 2.33 0.19 -0.15 2.52 0.21 -0.06 2.30 -0.09 0.01 2.11 0.12 0.00 2.09 
7.449000 0.06 0.16 2.68 0.06 -0.60 2.46 -0.06 -0.11 2.55 -0.13 -0.05 2.33 0.19 -0.15 2.52 0.22 -0.06 2.30 -0.08 0.01 2.11 0.12 0.00 2.09 
7.482000 0.06 0.16 2.68 0.06 -0.60 2.46 -0.06 -0.11 2.55 -0.13 -0.05 2.33 0.19 -0.15 2.52 0.21 -0.06 2.30 -0.09 0.01 2.11 0.12 0.00 2.09 
7.515000 0.06 0.16 2.68 0.06 -0.60 2.46 -0.06 -0.11 2.56 -0.13 -0.05 2.33 0.19 -0.15 2.52 0.21 -0.06 2.30 -0.09 0.01 2.11 0.12 0.00 2.09 
7.548000 0.06 0.16 2.68 0.06 -0.60 2.46 -0.06 -0.11 2.56 -0.13 -0.05 2.33 0.19 -0.15 2.52 0.21 -0.06 2.30 -0.09 0.01 2.11 0.12 0.00 2.09 
7.584000 0.06 0.16 2.68 0.06 -0.60 2.46 -0.06 -0.11 2.56 -0.13 -0.05 2.33 0.19 -0.15 2.52 0.21 -0.06 2.30 -0.09 -0.00 2.11 0.12 0.00 2.09 
7.616000 0.06 0.16 2.68 0.06 -0.60 2.46 -0.06 -0.11 2.56 -0.14 -0.05 2.33 0.19 -0.14 2.52 0.21 -0.06 2.30 -0.09 -0.00 2.11 0.13 -0.00 2.08 
7.649000 0.06 0.16 2.68 0.06 -0.60 2.46 -0.06 -0.11 2.56 -0.15 -0.06 2.34 0.18 -0.13 2.53 0.22 -0.07 2.30 -0.15 -0.00 2.11 0.17 -0.01 2.07 
7.682000 0.06 0.15 2.68 0.06 -0.59 2.46 -0.07 -0.11 2.56 -0.16 -0.05 2.34 0.18 -0.13 2.53 0.24 -0.07 2.30 -0.17 -0.01 2.11 0.19 -0.01 2.08 
7.715000 0.06 0.15 2.68 0.06 -0.59 2.46 -0.07 -0.11 2.56 -0.17 -0.06 2.35 0.19 -0.13 2.53 0.27 -0.07 2.31 -0.23 -0.02 2.12 0.24 -0.02 2.08 
7.747000 0.06 0.15 2.68 0.06 -0.59 2.46 -0.08 -0.10 2.56 -0.20 -0.05 2.36 0.19 -0.13 2.53 0.29 -0.08 2.32 -0.27 -0.01 2.14 0.27 -0.02 2.09 
7.781000 0.06 0.15 2.68 0.06 -0.59 2.46 -0.09 -0.10 2.57 -0.23 -0.06 2.38 0.20 -0.11 2.54 0.30 -0.07 2.32 -0.32 -0.02 2.16 0.33 -0.02 2.08 
7.815000 0.06 0.15 2.68 0.06 -0.59 2.46 -0.10 -0.10 2.57 -0.26 -0.07 2.39 0.21 -0.11 2.54 0.33 -0.08 2.34 -0.38 -0.03 2.20 0.39 -0.03 2.11 
7.849000 0.06 0.15 2.67 0.06 -0.59 2.46 -0.10 -0.10 2.57 -0.29 -0.07 2.41 0.21 -0.11 2.54 0.38 -0.09 2.37 -0.44 -0.03 2.23 0.44 -0.03 2.15 
7.882000 0.06 0.15 2.67 0.06 -0.59 2.46 -0.11 -0.10 2.57 -0.32 -0.07 2.43 0.22 -0.10 2.54 0.39 -0.09 2.38 -0.50 -0.04 2.28 0.50 -0.04 2.18 
7.915000 0.06 0.15 2.67 0.06 -0.59 2.46 -0.12 -0.10 2.57 -0.34 -0.07 2.46 0.22 -0.10 2.54 0.41 -0.09 2.40 -0.53 -0.05 2.34 0.55 -0.05 2.21 
7.952000 0.05 0.15 2.66 0.06 -0.58 2.46 -0.13 -0.09 2.57 -0.35 -0.08 2.49 0.23 -0.10 2.54 0.43 -0.10 2.42 -0.56 -0.05 2.39 0.60 -0.06 2.25 
7.981000 0.05 0.16 2.65 0.06 -0.58 2.46 -0.13 -0.09 2.57 -0.37 -0.08 2.51 0.23 -0.10 2.54 0.45 -0.10 2.43 -0.59 -0.06 2.44 0.64 -0.06 2.30 
8.014000 0.05 0.16 2.64 0.05 -0.58 2.46 -0.14 -0.09 2.57 -0.38 -0.08 2.54 0.23 -0.10 2.54 0.46 -0.10 2.45 -0.60 -0.07 2.50 0.66 -0.07 2.34 
8.047000 0.05 0.16 2.64 0.05 -0.58 2.46 -0.14 -0.09 2.58 -0.39 -0.08 2.56 0.23 -0.10 2.54 0.47 -0.10 2.47 -0.61 -0.08 2.55 0.68 -0.08 2.38 
8.081000 0.05 0.16 2.63 0.05 -0.58 2.46 -0.14 -0.09 2.58 -0.39 -0.08 2.58 0.24 -0.10 2.54 0.48 -0.10 2.49 -0.61 -0.08 2.57 0.69 -0.09 2.42 
8.115000 0.05 0.16 2.63 0.05 -0.58 2.45 -0.15 -0.09 2.58 -0.39 -0.08 2.59 0.24 -0.10 2.54 0.48 -0.10 2.50 -0.61 -0.08 2.61 0.70 -0.09 2.44 
8.147000 0.04 0.16 2.62 0.05 -0.57 2.45 -0.15 -0.09 2.58 -0.39 -0.09 2.60 0.24 -0.10 2.54 0.49 -0.11 2.51 -0.61 -0.09 2.63 0.71 -0.09 2.46 
8.182000 0.04 0.16 2.62 0.05 -0.57 2.45 -0.15 -0.09 2.58 -0.39 -0.09 2.61 0.24 -0.10 2.54 0.49 -0.11 2.52 -0.61 -0.09 2.65 0.71 -0.10 2.48 
8.217000 0.04 0.16 2.62 0.05 -0.57 2.45 -0.15 -0.09 2.58 -0.39 -0.09 2.62 0.24 -0.10 2.54 0.49 -0.11 2.52 -0.61 -0.09 2.66 0.71 -0.10 2.48 
8.248000 0.04 0.16 2.62 0.05 -0.57 2.45 -0.15 -0.09 2.58 -0.39 -0.09 2.62 0.24 -0.10 2.54 0.49 -0.11 2.53 -0.61 -0.09 2.66 0.71 -0.11 2.49 
8.282000 0.04 0.16 2.62 0.05 -0.57 2.45 -0.15 -0.09 2.58 -0.39 -0.09 2.62 0.24 -0.10 2.54 0.49 -0.11 2.53 -0.61 -0.10 2.66 0.71 -0.11 2.49 
8.314000 0.04 0.16 2.62 0.05 -0.57 2.44 -0.15 -0.09 2.58 -0.39 -0.09 2.62 0.24 -0.10 2.54 0.49 -0.11 2.53 -0.61 -0.10 2.66 0.71 -0.11 2.49 
8.351000 0.04 0.16 2.62 0.05 -0.57 2.44 -0.15 -0.09 2.58 -0.39 -0.09 2.62 0.24 -0.10 2.54 0.49 -0.11 2.53 -0.61 -0.10 2.65 0.71 -0.11 2.49 
8.383000 0.04 0.16 2.62 0.04 -0.57 2.44 -0.15 -0.09 2.58 -0.39 -0.09 2.62 0.24 -0.10 2.54 0.49 -0.11 2.53 -0.61 -0.11 2.64 0.71 -0.11 2.49 
8.415000 0.04 0.16 2.62 0.04 -0.57 2.44 -0.15 -0.09 2.59 -0.39 -0.09 2.62 0.24 -0.10 2.54 0.48 -0.11 2.53 -0.61 -0.11 2.63 0.71 -0.11 2.48 
8.450000 0.04 0.16 2.62 0.04 -0.57 2.44 -0.15 -0.09 2.59 -0.39 -0.10 2.61 0.24 -0.10 2.54 0.48 -0.12 2.53 -0.61 -0.11 2.63 0.71 -0.12 2.48 
8.484000 0.04 0.16 2.62 0.04 -0.57 2.44 -0.15 -0.09 2.59 -0.39 -0.10 2.61 0.24 -0.10 2.54 0.48 -0.12 2.53 -0.61 -0.11 2.62 0.71 -0.12 2.48 
8.517000 0.04 0.16 2.62 0.04 -0.57 2.44 -0.15 -0.09 2.59 -0.39 -0.10 2.61 0.24 -0.10 2.54 0.48 -0.12 2.53 -0.61 -0.11 2.62 0.71 -0.12 2.48 
8.548000 0.05 0.16 2.62 0.04 -0.57 2.44 -0.15 -0.09 2.59 -0.39 -0.10 2.61 0.24 -0.10 2.54 0.48 -0.12 2.53 -0.61 -0.11 2.62 0.71 -0.12 2.48 
8.581000 0.05 0.16 2.62 0.04 -0.57 2.44 -0.15 -0.09 2.59 -0.39 -0.10 2.61 0.24 -0.10 2.54 0.49 -0.12 2.53 -0.61 -0.11 2.62 0.71 -0.12 2.48 
8.615000 0.05 0.16 2.62 0.04 -0.57 2.44 -0.15 -0.09 2.59 -0.39 -0.10 2.61 0.24 -0.10 2.54 0.49 -0.12 2.53 -0.61 -0.11 2.61 0.71 -0.12 2.48 
8.648000 0.05 0.16 2.63 0.04 -0.57 2.44 -0.15 -0.09 2.59 -0.39 -0.10 2.61 0.24 -0.10 2.55 0.48 -0.12 2.53 -0.61 -0.11 2.61 0.71 -0.12 2.48 
8.681000 0.05 0.16 2.63 0.04 -0.57 2.44 -0.15 -0.09 2.59 -0.39 -0.10 2.61 0.24 -0.10 2.55 0.48 -0.12 2.53 -0.61 -0.11 2.61 0.70 -0.12 2.48 
8.715000 0.05 0.16 2.63 0.04 -0.57 2.44 -0.15 -0.09 2.59 -0.39 -0.10 2.60 0.24 -0.10 2.55 0.48 -0.12 2.53 -0.61 -0.11 2.61 0.70 -0.12 2.48 
8.748000 0.05 0.16 2.63 0.04 -0.57 2.44 -0.15 -0.09 2.59 -0.39 -0.10 2.60 0.24 -0.10 2.55 0.48 -0.12 2.53 -0.61 -0.11 2.61 0.70 -0.12 2.48 
8.782000 0.05 0.16 2.63 0.04 -0.57 2.44 -0.15 -0.09 2.59 -0.39 -0.10 2.60 0.24 -0.10 2.55 0.48 -0.12 2.53 -0.61 -0.11 2.61 0.70 -0.12 2.48 
8.817000 0.04 0.16 2.63 0.04 -0.57 2.44 -0.15 -0.09 2.59 -0.39 -0.10 2.60 0.24 -0.10 2.55 0.48 -0.12 2.53 -0.61 -0.11 2.60 0.70 -0.12 2.48 
8.848000 0.04 0.16 2.63 0.04 -0.57 2.44 -0.15 -0.09 2.59 -0.39 -0.10 2.60 0.24 -0.10 2.55 0.48 -0.12 2.53 -0.61 -0.11 2.60 0.70 -0.12 2.48 
8.882000 0.04 0.16 2.63 0.04 -0.57 2.44 -0.15 -0.09 2.59 -0.39 -0.10 2.60 0.24 -0.10 2.55 0.48 -0.12 2.53 -0.61 -0.12 2.60 0.70 -0.12 2.48 
8.981000 0.04 0.16 2.63 0.04 -0.57 2.44 -0.15 -0.09 2.59 -0.39 -0.10 2.60 0.24 -0.10 2.55 0.48 -0.12 2.53 -0.61 -0.12 2.60 0.70 -0.11 2.48 
9.016000 0.04 0.16 2.63 0.04 -0.57 2.44 -0.15 -0.09 2.59 -0.39 -0.10 2.60 0.24 -0.10 2.55 0.48 -0.12 2.53 -0.61 -0.12 2.60 0.70 -0.11 2.48 
9.049000 0.04 0.16 2.63 0.04 -0.57 2.44 -0.15 -0.09 2.59 -0.39 -0.10 2.60 0.24 -0.10 2.55 0.48 -0.12 2.54 -0.61 -0.12 2.60 0.70 -0.11 2.48 
9.116000 0.04 0.16 2.63 0.04 -0.57 2.44 -0.15 -0.09 2.59 -0.39 -0.10 2.60 0.24 -0.10 2.55 0.48 -0.12 2.54 -0.61 -0.12 2.59 0.70 -0.11 2.48 
9.147000 0.04 0.16 2.63 0.04 -0.57 2.44 -0.15 -0.09 2.59 -0.39 -0.10 2.60 0.24 -0.10 2.55 0.48 -0.12 2.54 -0.61 -0.12 2.59 0.70 -0.11 2.48 
9.214000 0.04 0.16 2.63 0.04 -0.57 2.44 -0.15 -0.09 2.59 -0.39 -0.10 2.60 0.24 -0.10 2.55 0.48 -0.12 2.54 -0.61 -0.12 2.59 0.70 -0.11 2.48 
9.248000 0.04 0.16 2.63 0.04 -0.57 2.45 -0.15 -0.09 2.59 -0.39 -0.10 2.60 0.24 -0.10 2.55 0.48 -0.12 2.54 -0.61 -0.12 2.59 0.70 -0.11 2.48 
9.281000 0.04 0.16 2.63 0.04 -0.57 2.45 -0.15 -0.09 2.59 -0.39 -0.10 2.60 0.24 -0.10 2.55 0.48 -0.12 2.54 -0.61 -0.12 2.59 0.70 -0.11 2.48 
9.316000 0.04 0.16 2.63 0.04 -0.57 2.45 -0.15 -0.09 2.59 -0.39 -0.10 2.60 0.24 -0.10 2.56 0.48 -0.12 2.54 -0.61 -0.12 2.59 0.70 -0.11 2.48 
9.348000 0.04 0.16 2.63 0.04 -0.57 2.45 -0.15 -0.09 2.59 -0.39 -0.10 2.60 0.24 -0.10 2.56 0.48 -0.12 2.54 -0.61 -0.12 2.59 0.70 -0.11 2.49 
9.384000 0.04 0.16 2.63 0.05 -0.57 2.45 -0.15 -0.09 2.59 -0.39 -0.11 2.60 0.24 -0.10 2.56 0.48 -0.12 2.54 -0.61 -0.13 2.59 0.70 -0.11 2.49 
9.415000 0.04 0.16 2.63 0.05 -0.57 2.45 -0.15 -0.09 2.59 -0.39 -0.11 2.59 0.24 -0.10 2.55 0.48 -0.12 2.54 -0.61 -0.13 2.59 0.70 -0.11 2.49 
9.448000 0.04 0.16 2.63 0.05 -0.57 2.45 -0.15 -0.09 2.59 -0.39 -0.11 2.59 0.24 -0.10 2.56 0.48 -0.12 2.54 -0.61 -0.13 2.59 0.70 -0.11 2.49 
9.482000 0.04 0.16 2.62 0.05 -0.57 2.45 -0.15 -0.09 2.59 -0.39 -0.11 2.59 0.24 -0.10 2.56 0.48 -0.12 2.54 -0.61 -0.13 2.59 0.70 -0.11 2.49 
9.515000 0.04 0.16 2.62 0.05 -0.57 2.45 -0.15 -0.09 2.59 -0.38 -0.11 2.59 0.24 -0.10 2.56 0.48 -0.12 2.54 -0.61 -0.13 2.59 0.70 -0.11 2.49 
9.549000 0.04 0.16 2.62 0.05 -0.57 2.45 -0.15 -0.09 2.59 -0.38 -0.11 2.59 0.24 -0.10 2.56 0.48 -0.12 2.54 -0.61 -0.13 2.59 0.70 -0.11 2.49 
9.582000 0.04 0.16 2.62 0.05 -0.57 2.45 -0.15 -0.09 2.59 -0.38 -0.11 2.59 0.24 -0.10 2.56 0.48 -0.12 2.54 -0.61 -0.13 2.59 0.70 -0.11 2.49 
9.615000 0.04 0.16 2.62 0.05 -0.57 2.45 -0.15 -0.09 2.59 -0.38 -0.11 2.59 0.24 -0.10 2.56 0.48 -0.12 2.54 -0.61 -0.13 2.58 0.70 -0.11 2.49 
9.648000 0.04 0.16 2.62 0.05 -0.57 2.45 -0.15 -0.09 2.59 -0.38 -0.11 2.59 0.24 -0.10 2.56 0.48 -0.12 2.54 -0.61 -0.13 2.58 0.70 -0.11 2.48 
9.683000 0.04 0.16 2.62 0.05 -0.57 2.45 -0.15 -0.09 2.59 -0.38 -0.11 2.59 0.24 -0.10 2.56 0.48 -0.12 2.54 -0.61 -0.13 2.58 0.70 -0.11 2.48 
9.715000 0.04 0.16 2.62 0.05 -0.57 2.45 -0.15 -0.09 2.59 -0.38 -0.11 2.59 0.24 -0.10 2.56 0.48 -0.12 2.54 -0.61 -0.13 2.58 0.70 -0.11 2.48 
9.748000 0.04 0.16 2.62 0.05 -0.57 2.45 -0.15 -0.09 2.59 -0.38 -0.11 2.59 0.24 -0.10 2.56 0.48 -0.12 2.54 -0.61 -0.13 2.58 0.70 -0.11 2.48 
9.782000 0.04 0.16 2.62 0.05 -0.57 2.46 -0.15 -0.09 2.59 -0.38 -0.11 2.59 0.24 -0.10 2.56 0.48 -0.12 2.54 -0.61 -0.13 2.58 0.70 -0.11 2.48 
9.820000 0.04 0.16 2.62 0.05 -0.57 2.46 -0.15 -0.09 2.59 -0.38 -0.11 2.59 0.24 -0.10 2.56 0.48 -0.12 2.54 -0.61 -0.13 2.58 0.70 -0.11 2.48 
9.848000 0.05 0.16 2.62 0.05 -0.57 2.46 -0.15 -0.09 2.59 -0.38 -0.11 2.59 0.24 -0.10 2.55 0.48 -0.12 2.54 -0.61 -0.13 2.58 0.70 -0.11 2.48 
9.882000 0.05 0.16 2.62 0.05 -0.57 2.46 -0.15 -0.09 2.59 -0.38 -0.11 2.59 0.24 -0.10 2.55 0.49 -0.12 2.53 -0.61 -0.13 2.58 0.71 -0.12 2.48 
9.915000 0.05 0.16 2.61 0.05 -0.57 2.46 -0.15 -0.09 2.59 -0.38 -0.11 2.59 0.24 -0.10 2.55 0.49 -0.12 2.53 -0.60 -0.13 2.58 0.71 -0.12 2.47 
9.947000 0.05 0.16 2.61 0.05 -0.57 2.46 -0.15 -0.09 2.59 -0.38 -0.11 2.59 0.24 -0.10 2.55 0.49 -0.12 2.53 -0.60 -0.14 2.57 0.71 -0.13 2.47 
9.983000 0.05 0.16 2.61 0.05 -0.57 2.46 -0.15 -0.09 2.58 -0.38 -0.12 2.58 0.24 -0.10 2.55 0.49 -0.13 2.53 -0.60 -0.15 2.57 0.71 -0.14 2.46 
10.015000 0.05 0.16 2.61 0.05 -0.57 2.46 -0.14 -0.09 2.58 -0.37 -0.12 2.58 0.25 -0.10 2.55 0.49 -0.14 2.52 -0.60 -0.17 2.57 0.71 -0.15 2.45 
10.048000 0.05 0.16 2.60 0.05 -0.57 2.46 -0.14 -0.09 2.58 -0.37 -0.14 2.58 0.25 -0.10 2.55 0.48 -0.15 2.52 -0.59 -0.19 2.56 0.69 -0.18 2.43 
10.081000 0.05 0.16 2.60 0.05 -0.57 2.46 -0.14 -0.09 2.58 -0.36 -0.16 2.58 0.25 -0.10 2.55 0.48 -0.17 2.51 -0.58 -0.22 2.55 0.69 -0.21 2.42 
10.115000 0.05 0.16 2.59 0.05 -0.58 2.46 -0.14 -0.09 2.58 -0.35 -0.19 2.57 0.25 -0.11 2.54 0.47 -0.19 2.50 -0.56 -0.26 2.54 0.67 -0.25 2.41 
10.149000 0.05 0.16 2.58 0.05 -0.58 2.46 -0.13 -0.09 2.57 -0.34 -0.20 2.57 0.25 -0.11 2.54 0.46 -0.22 2.50 -0.53 -0.31 2.53 0.65 -0.29 2.40 
10.183000 0.05 0.16 2.57 0.05 -0.58 2.46 -0.13 -0.09 2.57 -0.32 -0.23 2.57 0.25 -0.11 2.53 0.45 -0.23 2.50 -0.51 -0.35 2.53 0.62 -0.34 2.39 
10.217000 0.05 0.16 2.57 0.05 -0.58 2.46 -0.12 -0.10 2.57 -0.31 -0.26 2.58 0.24 -0.11 2.53 0.44 -0.26 2.48 -0.48 -0.39 2.52 0.60 -0.39 2.37 
10.249000 0.05 0.16 2.56 0.05 -0.59 2.46 -0.12 -0.10 2.57 -0.29 -0.30 2.57 0.24 -0.11 2.52 0.43 -0.28 2.48 -0.45 -0.45 2.51 0.57 -0.42 2.36 
10.283000 0.05 0.16 2.55 0.05 -0.59 2.46 -0.12 -0.10 2.56 -0.26 -0.32 2.58 0.24 -0.11 2.51 0.41 -0.30 2.47 -0.41 -0.48 2.51 0.53 -0.45 2.35 
10.315000 0.05 0.16 2.54 0.04 -0.59 2.47 -0.12 -0.10 2.56 -0.25 -0.34 2.58 0.23 -0.11 2.50 0.39 -0.31 2.46 -0.38 -0.51 2.51 0.50 -0.48 2.34 
10.348000 0.04 0.16 2.53 0.04 -0.59 2.47 -0.11 -0.10 2.55 -0.23 -0.35 2.58 0.23 -0.11 2.49 0.37 -0.32 2.44 -0.33 -0.54 2.51 0.46 -0.51 2.33 
10.382000 0.04 0.16 2.52 0.03 -0.59 2.46 -0.11 -0.10 2.55 -0.21 -0.36 2.58 0.22 -0.11 2.48 0.35 -0.33 2.44 -0.31 -0.55 2.52 0.43 -0.53 2.32 
10.416000 0.03 0.16 2.51 0.02 -0.59 2.46 -0.11 -0.10 2.54 -0.20 -0.37 2.58 0.21 -0.11 2.47 0.34 -0.34 2.43 -0.29 -0.57 2.53 0.39 -0.54 2.31 
10.449000 0.02 0.16 2.50 0.02 -0.59 2.46 -0.12 -0.10 2.53 -0.20 -0.38 2.58 0.21 -0.11 2.46 0.32 -0.34 2.42 -0.28 -0.58 2.53 0.36 -0.55 2.30 
10.482000 0.00 0.16 2.49 0.01 -0.59 2.45 -0.12 -0.10 2.52 -0.20 -0.38 2.58 0.20 -0.10 2.45 0.30 -0.34 2.41 -0.26 -0.60 2.54 0.33 -0.56 2.30 
10.515000 -0.01 0.16 2.47 -0.00 -0.59 2.45 -0.13 -0.10 2.51 -0.20 -0.39 2.57 0.19 -0.10 2.44 0.28 -0.34 2.40 -0.26 -0.60 2.55 0.30 -0.56 2.28 
10.547000 -0.03 0.16 2.46 -0.01 -0.59 2.44 -0.15 -0.10 2.50 -0.20 -0.39 2.57 0.17 -0.10 2.42 0.26 -0.34 2.39 -0.27 -0.60 2.55 0.28 -0.55 2.27 
10.584000 -0.05 0.16 2.45 -0.02 -0.59 2.43 -0.16 -0.10 2.49 -0.21 -0.39 2.57 0.16 -0.10 2.41 0.25 -0.34 2.38 -0.28 -0.60 2.56 0.25 -0.54 2.26 
10.615000 -0.07 0.16 2.43 -0.03 -0.59 2.41 -0.18 -0.10 2.48 -0.23 -0.39 2.56 0.14 -0.10 2.39 0.23 -0.34 2.36 -0.31 -0.60 2.57 0.23 -0.54 2.24 
10.649000 -0.10 0.16 2.42 -0.05 -0.60 2.40 -0.20 -0.11 2.46 -0.25 -0.39 2.55 0.12 -0.10 2.37 0.21 -0.33 2.33 -0.34 -0.60 2.57 0.21 -0.53 2.21 
10.683000 -0.13 0.16 2.40 -0.06 -0.60 2.38 -0.23 -0.11 2.45 -0.28 -0.40 2.54 0.09 -0.09 2.34 0.19 -0.32 2.31 -0.37 -0.60 2.56 0.19 -0.53 2.19 
10.716000 -0.16 0.16 2.38 -0.08 -0.60 2.35 -0.25 -0.12 2.43 -0.31 -0.39 2.53 0.06 -0.09 2.32 0.17 -0.32 2.28 -0.40 -0.60 2.56 0.17 -0.53 2.16 
10.749000 -0.19 0.16 2.36 -0.10 -0.60 2.33 -0.28 -0.12 2.41 -0.33 -0.40 2.51 0.03 -0.09 2.30 0.15 -0.32 2.26 -0.42 -0.60 2.54 0.15 -0.52 2.14 
10.782000 -0.24 0.16 2.34 -0.12 -0.60 2.30 -0.31 -0.12 2.39 -0.36 -0.40 2.48 -0.01 -0.08 2.27 0.12 -0.31 2.23 -0.45 -0.60 2.51 0.14 -0.52 2.11 
10.815000 -0.27 0.16 2.33 -0.15 -0.60 2.28 -0.35 -0.12 2.37 -0.39 -0.41 2.46 -0.04 -0.08 2.25 0.10 -0.30 2.21 -0.48 -0.61 2.49 0.13 -0.51 2.09 
10.847000 -0.32 0.17 2.30 -0.18 -0.59 2.25 -0.38 -0.12 2.35 -0.42 -0.41 2.43 -0.08 -0.07 2.22 0.07 -0.29 2.19 -0.51 -0.62 2.45 0.11 -0.50 2.07 
10.883000 -0.34 0.18 2.28 -0.20 -0.58 2.23 -0.42 -0.12 2.33 -0.45 -0.41 2.40 -0.10 -0.06 2.21 0.05 -0.29 2.17 -0.53 -0.62 2.40 0.10 -0.49 2.06 
10.916000 -0.38 0.18 2.27 -0.24 -0.57 2.20 -0.45 -0.12 2.32 -0.48 -0.40 2.36 -0.14 -0.05 2.18 0.02 -0.27 2.15 -0.54 -0.61 2.36 0.08 -0.48 2.04 
10.952000 -0.42 0.20 2.24 -0.25 -0.56 2.19 -0.48 -0.12 2.30 -0.50 -0.37 2.32 -0.16 -0.04 2.17 0.00 -0.27 2.13 -0.55 -0.59 2.31 0.06 -0.47 2.03 
10.983000 -0.44 0.21 2.22 -0.28 -0.55 2.16 -0.51 -0.10 2.27 -0.52 -0.36 2.30 -0.18 -0.03 2.15 -0.02 -0.26 2.12 -0.57 -0.58 2.26 0.04 -0.46 2.02 
11.014000 -0.46 0.22 2.20 -0.30 -0.54 2.14 -0.53 -0.09 2.24 -0.54 -0.35 2.25 -0.20 -0.03 2.13 -0.04 -0.25 2.11 -0.58 -0.57 2.20 0.02 -0.45 2.01 
11.048000 -0.47 0.22 2.18 -0.33 -0.53 2.12 -0.54 -0.08 2.22 -0.55 -0.34 2.23 -0.23 -0.02 2.11 -0.06 -0.24 2.09 -0.59 -0.55 2.15 0.00 -0.44 2.00 
11.082000 -0.50 0.23 2.15 -0.35 -0.53 2.10 -0.57 -0.07 2.19 -0.57 -0.33 2.18 -0.25 -0.01 2.09 -0.08 -0.24 2.08 -0.61 -0.54 2.09 -0.02 -0.44 1.99 
11.115000 -0.51 0.24 2.13 -0.37 -0.52 2.08 -0.59 -0.07 2.17 -0.59 -0.32 2.15 -0.26 -0.01 2.07 -0.10 -0.24 2.06 -0.62 -0.52 2.04 -0.03 -0.44 1.97 
11.147000 -0.53 0.24 2.09 -0.38 -0.51 2.05 -0.61 -0.07 2.14 -0.60 -0.31 2.12 -0.29 -0.00 2.04 -0.12 -0.24 2.04 -0.63 -0.50 1.98 -0.05 -0.44 1.95 
11.181000 -0.54 0.24 2.07 -0.40 -0.51 2.03 -0.62 -0.06 2.11 -0.62 -0.31 2.09 -0.30 -0.00 2.02 -0.14 -0.24 2.01 -0.65 -0.49 1.94 -0.07 -0.44 1.93 
11.216000 -0.57 0.24 2.03 -0.42 -0.50 2.00 -0.64 -0.06 2.07 -0.64 -0.30 2.05 -0.32 -0.00 1.98 -0.16 -0.23 1.99 -0.66 -0.48 1.90 -0.09 -0.44 1.90 
11.248000 -0.58 0.24 2.00 -0.44 -0.50 1.97 -0.66 -0.06 2.04 -0.66 -0.30 2.01 -0.34 -0.00 1.95 -0.18 -0.23 1.95 -0.68 -0.47 1.85 -0.11 -0.43 1.87 
11.282000 -0.60 0.25 1.95 -0.46 -0.50 1.93 -0.68 -0.05 2.00 -0.68 -0.30 1.98 -0.35 -0.00 1.91 -0.19 -0.23 1.92 -0.69 -0.47 1.82 -0.12 -0.43 1.83 
11.314000 -0.61 0.25 1.92 -0.49 -0.49 1.89 -0.69 -0.05 1.97 -0.70 -0.29 1.94 -0.36 0.00 1.87 -0.21 -0.23 1.87 -0.71 -0.47 1.79 -0.14 -0.43 1.79 
11.351000 -0.61 0.26 1.87 -0.51 -0.48 1.84 -0.70 -0.04 1.93 -0.72 -0.29 1.91 -0.38 0.01 1.83 -0.23 -0.23 1.83 -0.73 -0.47 1.76 -0.16 -0.43 1.74 
11.382000 -0.62 0.27 1.84 -0.53 -0.48 1.80 -0.72 -0.03 1.90 -0.74 -0.29 1.88 -0.39 0.01 1.79 -0.24 -0.22 1.78 -0.75 -0.48 1.74 -0.17 -0.43 1.69 
11.416000 -0.63 0.28 1.79 -0.56 -0.47 1.76 -0.73 -0.02 1.86 -0.75 -0.29 1.84 -0.40 0.02 1.74 -0.26 -0.22 1.73 -0.77 -0.48 1.72 -0.20 -0.43 1.64 
11.449000 -0.64 0.29 1.76 -0.57 -0.46 1.71 -0.74 -0.00 1.81 -0.77 -0.28 1.81 -0.41 0.03 1.70 -0.28 -0.21 1.67 -0.79 -0.48 1.71 -0.22 -0.42 1.58 
11.515000 -0.66 0.33 1.68 -0.62 -0.43 1.63 -0.76 0.04 1.73 -0.80 -0.26 1.75 -0.44 0.06 1.60 -0.32 -0.20 1.56 -0.84 -0.48 1.70 -0.27 -0.40 1.46 
11.549000 -0.67 0.34 1.65 -0.63 -0.42 1.59 -0.77 0.06 1.71 -0.81 -0.25 1.73 -0.45 0.07 1.57 -0.34 -0.18 1.50 -0.86 -0.46 1.69 -0.30 -0.38 1.40 
11.582000 -0.69 0.36 1.61 -0.65 -0.41 1.54 -0.77 0.08 1.66 -0.83 -0.22 1.70 -0.47 0.08 1.53 -0.36 -0.15 1.46 -0.88 -0.44 1.68 -0.34 -0.35 1.34 
11.615000 -0.70 0.37 1.58 -0.67 -0.39 1.50 -0.78 0.10 1.63 -0.84 -0.19 1.67 -0.48 0.10 1.50 -0.38 -0.13 1.41 -0.91 -0.43 1.65 -0.38 -0.34 1.27 
11.648000 -0.71 0.39 1.55 -0.70 -0.37 1.47 -0.80 0.12 1.61 -0.86 -0.17 1.64 -0.50 0.12 1.46 -0.40 -0.10 1.37 -0.89 -0.40 1.62 -0.41 -0.31 1.22 
11.683000 -0.72 0.40 1.51 -0.70 -0.36 1.44 -0.82 0.14 1.57 -0.88 -0.16 1.61 -0.52 0.12 1.42 -0.42 -0.08 1.33 -0.79 -0.36 1.38 -0.45 -0.27 1.17 
11.715000 -0.74 0.41 1.48 -0.70 -0.36 1.40 -0.84 0.14 1.53 -0.90 -0.15 1.57 -0.54 0.13 1.39 -0.44 -0.07 1.29 -0.80 -0.35 1.34 -0.48 -0.25 1.11 
11.748000 -0.76 0.40 1.44 -0.71 -0.35 1.37 -0.85 0.14 1.49 -0.92 -0.15 1.53 -0.56 0.13 1.34 -0.46 -0.07 1.24 -0.83 -0.35 1.30 -0.51 -0.22 1.07 
11.783000 -0.78 0.41 1.40 -0.71 -0.38 1.33 -0.88 0.14 1.45 -0.84 -0.11 1.35 -0.57 0.13 1.31 -0.46 -0.07 1.20 -0.80 -0.37 1.23 -0.54 -0.21 1.02 
11.815000 -0.80 0.40 1.36 -0.72 -0.37 1.29 -0.90 0.14 1.42 -0.96 -0.16 1.46 -0.60 0.13 1.26 -0.50 -0.07 1.15 -0.87 -0.38 1.25 -0.57 -0.21 0.98 
11.848000 -0.83 0.40 1.32 -0.73 -0.37 1.25 -0.92 0.14 1.38 -0.88 -0.11 1.27 -0.63 0.13 1.23 -0.52 -0.07 1.10 -0.82 -0.40 1.17 -0.60 -0.21 0.93 
11.882000 -0.84 0.41 1.29 -0.74 -0.36 1.22 -0.95 0.14 1.34 -1.01 -0.16 1.38 -0.66 0.13 1.19 -0.55 -0.07 1.05 -0.87 -0.38 1.21 -0.63 -0.21 0.89 
11.915000 -0.86 0.41 1.25 -0.72 -0.35 1.20 -0.96 0.15 1.30 -1.03 -0.15 1.34 -0.68 0.12 1.14 -0.58 -0.07 1.01 -0.89 -0.38 1.17 -0.67 -0.20 0.84 
11.949000 -0.87 0.41 1.21 -0.67 -0.42 1.19 -0.97 0.15 1.26 -1.03 -0.15 1.31 -0.68 0.12 1.10 -0.61 -0.07 0.97 -0.83 -0.35 1.16 -0.65 -0.24 0.81 
11.982000 -0.82 0.33 1.16 -0.52 -0.46 1.09 -0.86 0.10 1.18 -0.66 -0.04 0.97 -0.57 0.07 1.02 -0.67 -0.15 0.88 -0.65 -0.35 0.99 -0.75 -0.33 0.77 
12.015000 -0.84 -0.03 1.12 -0.60 -0.73 1.05 -0.88 -0.25 1.13 -0.67 -0.08 0.96 -0.59 -0.28 0.97 -0.81 -0.31 1.07 -0.66 -0.38 0.98 -1.01 -0.34 1.17 
12.049000 -0.16 0.03 0.23 -0.13 -0.04 0.19 0.00 0.00 0.00 -0.20 0.01 0.27 0.00 0.00 0.00 -0.20 -0.06 0.27 -0.34 -0.14 0.49 -0.37 -0.13 0.49 
