0.031221, 0.0000
0.085626, 0.0000
0.131582, 0.0000
0.172258, 0.0000
0.219160, 0.0000
0.269783, 0.0000
0.309584, 0.0000
0.347856, 0.0000
0.359302, 0.0000
0.403076, 0.0000
0.448901, 0.0000
0.491005, 0.0000
0.532455, 0.0000
0.570908, 0.0000
0.621280, 0.0000
0.661262, 0.0000
0.707379, 0.0000
0.748085, 0.0000
0.790631, 0.0000
0.829829, -37.2515
0.846224, 10.7219
0.866411, 1.5597
0.910456, 37.4322
0.951413, 23.3952
0.991375, 34.3129
1.033026, 24.9548
1.072112, 24.9548
1.087200, 24.9548
1.109831, -3.1194
1.154470, -3.1194
1.199400, -3.1194
1.243214, -3.1194
1.283739, -3.1194
1.321156, -6.2387
1.370783, -6.2387
1.409497, -6.2387
1.460030, -6.2387
1.501621, -6.2387
1.546361, -6.2387
1.585175, -6.2387
1.593614, -6.2387
1.626103, 74.2676
1.666165, 74.2676
1.682168, 74.2676
1.721465, 74.2676
1.761809, 74.2676
1.805200, 74.2676
1.816104, 74.2676
1.839006, 74.2676
1.880416, 74.2676
1.923395, 74.2676
1.961798, 74.2676
2.006165, 74.2676
2.045694, 0.0000
2.057965, 0.0000
2.103942, 45.2306
2.144919, 45.2306
2.186118, 45.2306
2.230716, 45.2306
2.269300, 45.2306
2.280122, 45.2306
2.323936, 45.2306
2.368816, 45.2306
2.411494, 45.2306
2.457772, 45.2306
2.500892, 45.2306
2.542533, 45.2306
2.584114, 45.2306
2.625785, 45.2306
2.664942, 45.2306
2.705135, 45.2306
2.720152, 45.2306
2.744131, 45.2306
2.788207, 45.2306
2.829254, 0.0000
2.868160, 0.0000
2.914287, 0.0000
2.954963, 0.0000
3.000356, 0.0000
3.039684, 0.0000
3.053152, 0.0000
3.073490, 0.0000
3.118229, 0.0000
3.140246, 0.0000
3.185519, 0.0000
3.226174, 0.0000
3.266196, 0.0000
3.313692, 0.0000
3.352858, 0.0000
3.397507, 0.0000
3.437247, 0.0000
3.450635, 0.0000
3.471989, 0.0000
3.515622, 0.0000
3.556307, 0.0000
3.595494, 0.0000
3.640113, 0.0000
3.678727, 0.0000
3.691692, 0.0000
3.714343, 0.0000
3.757302, 0.0000
3.799668, 0.0000
3.837195, 0.0000
3.887889, 0.0000
3.926503, 0.0000
3.968154, 0.0000
4.007200, 0.0000
4.023535, 0.0000
4.044013, 0.0000
4.086942, 0.0000
4.134458, 0.0000
4.176562, 0.0000
4.219249, 0.0000
4.256917, 0.0000
4.307249, 0.0000
4.345068, 0.0000
4.395410, 0.0000
4.434335, 0.0000
4.476681, 0.0000
4.515154, 0.0000
4.530995, 0.0000
4.552912, 0.0000
4.598396, -12.0408
4.618814, -12.0408
4.662357, -12.0408
4.705024, -12.0408
4.746404, -12.0408
4.787311, -12.0408
4.827413, -27.7733
4.840288, -27.7733
4.861732, -27.7733
4.905274, -27.7733
4.949752, -27.7733
4.994129, 2.2043
5.038607, 2.0214
5.081747, 1.8385
5.125551, 1.6556
5.170531, 1.9147
5.216357, 2.1281
5.260633, 2.5397
5.281886, 2.9512
5.325791, 3.3628
5.366668, 3.7743
5.405935, 3.9420
5.449940, 4.0639
5.488544, 3.2612
5.500594, 2.5036
5.547516, 2.6702
5.588835, 2.7911
5.625669, 2.8663
5.668326, 2.8957
5.706668, 2.8794
5.722711, 3.0613
5.745131, 3.2431
5.790262, 3.4250
5.810721, 3.6068
5.854454, 3.7887
5.898962, 3.9705
5.942494, 3.2734
5.984156, 2.6672
6.022850, 1.6670
6.067288, 0.6668
6.107008, 0.1515
6.121924, 0.1641
6.140542, 0.1641
6.184185, 0.1641
6.225213, 37.0079
6.265959, 32.5459
6.310165, 28.6119
6.349362, 25.1656
6.362357, 21.7193
6.407258, 18.2730
6.447953, 15.2739
6.486638, 11.7436
6.533901, 8.0761
6.574326, 3.3822
6.618049, -1.3570
6.657457, -1.3570
6.671378, -1.3570
6.695377, -1.3570
6.739161, -1.3570
6.758835, -1.3570
6.804479, 0.9336
6.826406, 0.6109
6.870844, 0.5320
6.891091, 0.4988
6.936434, 0.4988
6.977844, 118.9582
7.016920, 106.1762
7.064476, 93.4404
7.102667, 80.2603
7.113601, 67.0344
7.136926, 53.7628
7.178396, 40.0034
7.219182, 26.2440
7.257384, 12.2436
7.266597, -1.8020
7.312885, -15.6518
7.355019, -29.5016
7.397677, -29.5016
7.435305, -29.5016
7.482418, 1.5465
7.521554, 2.1129
7.531291, 2.4787
7.573043, 2.8445
7.617279, 3.2103
7.665227, 133.9157
7.685997, 120.7982
7.729701, 200.0000
7.771965, 200.0000
7.810217, 183.9494
7.853438, 156.9673
7.891639, 129.9395
7.908949, 102.8660
7.951013, 75.7468
7.995149, 48.5818
8.039908, 68.2381
8.080966, 36.4482
8.119509, 4.6583
8.167075, -27.1316
8.205719, -58.9215
8.214490, -18.7999
8.237483, -37.1063
8.278752, 16.4987
8.324487, 11.6756
8.363403, 7.2998
8.409842, 2.4304
8.448938, -2.4389
8.457277, -7.3083
8.496403, -12.1776
8.540066, -17.0469
8.578942, 4.2540
8.592752, 4.1615
8.612707, 4.5162
8.658372, 51.0004
8.700446, 46.4858
8.738959, 41.4777
8.784000, 36.4695
8.823368, 31.4614
8.834724, 26.4533
8.878256, 21.6919
8.921607, 16.7300
8.961488, 11.7681
9.006248, 6.8063
9.053622, 1.8444
9.077400, -3.1175
9.100544, -7.8326
9.143473, -12.7482
9.186955, -17.4171
9.224573, 3.8839
9.263770, 4.4854
9.302605, 4.3928
9.321927, 4.3003
9.342667, 4.2078
9.386692, 4.1152
9.432045, 4.0227
9.475245, 3.9302
9.515981, 3.3956
9.553690, 2.4698
9.601909, 49.1370
9.641730, 43.4790
9.689718, 83.1427
9.728593, 72.9876
9.739738, 62.9234
9.785282, 53.1969
9.806575, 43.6076
9.848629, 33.9088
9.872115, 24.3009
9.915466, 139.6525
9.959612, 117.3090
10.001978, 200.0000
10.047823, 182.1289
10.093075, 191.3365
10.138338, 151.6573
10.181769, 138.1862
10.202278, 103.4210
10.245479, 93.6106
10.288880, 93.6106
10.326578, 33.4383
10.373098, 33.4383
10.413160, -26.7341
10.421861, -26.7341
10.466157, -26.7341
10.504851, -26.7341
10.548635, -26.7341
10.587963, -26.7341
10.599168, -26.7341
10.621618, 2.3641
10.667403, 2.3641
10.708532, 1.8186
10.751481, 1.8186
10.796512, 1.2730
10.838253, 1.2730
10.881434, 1.2730
10.919303, 1.2730
10.932369, 1.2730
10.977269, 1.2730
10.998200, 1.2730
11.043131, 1.2730
11.063710, 1.2730
11.109324, 1.2730
11.151569, 1.2730
11.194689, 1.2730
11.236501, 1.2730
11.275175, 89.8374
11.319733, 78.1195
11.357905, 66.8385
11.373958, 66.8385
11.394456, 66.8385
11.438311, 66.8385
11.479982, 66.8385
11.517711, 66.8385
11.525828, 66.8385
11.572981, 66.8385
11.614642, 66.8385
11.654966, 66.8385
11.698599, 66.8385
11.738540, 66.8385
11.785784, 66.8385
11.824941, 66.8385
11.836850, 66.8385
11.881418, 13.7922
11.922637, 13.7922
11.960476, 13.7922
12.001504, 13.7922
12.039766, -26.9294
12.058585, -39.5805
12.078933, -39.5805
12.124044, 0.3244
12.145498, 0.3244
12.188749, -0.4837
12.230783, -0.4837
12.268582, -0.9604
12.309680, -1.3720
12.347720, -1.3720
12.365372, -0.5945
12.387943, 0.0000
12.431958, 0.0000
12.475511, 0.0000
12.513229, 0.4369
12.556852, 0.8287
12.595395, 0.8287
12.608210, 0.8287
12.649861, 0.8287
12.693222, 0.8287
12.730810, 0.8287
12.739058, 0.8287
12.762534, 0.8287
12.806579, 0.8287
12.848019, 0.8287
12.886935, 0.8287
12.928968, 0.8287
12.968477, 0.8287
12.984188, 0.8287
13.027912, 0.8287
13.073787, 0.8287
13.117219, 0.8287
13.158539, 0.8287
13.196026, 3.0241
13.240001, -1.5473
13.277830, -1.5473
13.293058, -10.4326
13.315297, -10.4326
13.360137, 4.9669
13.381531, 5.1971
13.424419, 5.4274
13.467871, 5.6576
13.512661, 5.6411
13.535020, 5.8251
13.580665, 6.0091
13.603054, 6.1931
13.650590, 5.8865
13.665697, 5.4878
13.704884, 5.4878
13.746325, 5.4878
13.785441, 5.4878
13.801363, 5.4878
13.821862, 5.4878
13.864489, 125.9996
13.903727, 113.5329
13.941988, 101.0661
13.955738, 88.5994
13.997560, 75.6854
14.041857, 62.8177
14.082181, 49.9963
14.122283, 37.2211
14.164568, 24.9394
14.175874, 11.7684
14.196815, -1.3105
14.241574, -14.2975
14.283809, -27.6294
14.330429, -40.8241
14.353583, -53.8816
14.397307, 0.1243
14.437932, -0.2373
14.486192, 47.0403
14.507696, 42.0391
14.550042, 36.9283
14.593966, 31.9085
14.636332, 64.8826
14.680166, 56.1236
14.717683, 47.7023
14.726132, 38.9276
14.771012, 30.1981
14.793875, 21.9507
14.838171, 60.5273
14.859183, 46.6879
14.903530, 32.8485
14.946006, 19.6871
14.992988, 19.6871
15.035404, 19.6871
15.081552, 19.6871
15.126029, 88.6372
15.169159, 88.6372
15.211686, 65.2169
15.258688, 65.2169
15.279579, 65.2169
15.322840, 65.2169
15.365859, -6.5886
15.404231, -6.5886
15.447150, -6.5886
15.487916, -6.5886
15.498699, -6.5886
15.521843, -55.1890
15.565456, 2.2625
15.587503, 2.2625
15.633379, 2.2625
15.675443, 2.2157
15.720504, 2.1097
15.742673, 2.1097
15.785420, 2.1097
15.832855, 2.1097
15.876066, 2.1097
15.897530, 2.1097
15.940207, 2.1097
15.982935, 3.5152
16.029746, 3.7286
16.072353, 3.8963
16.119536, 4.4655
16.139935, 4.4655
16.183286, 4.8806
16.224987, 4.7728
16.263098, 5.5191
16.307878, 5.6740
16.346773, 5.7370
16.362162, 5.5045
16.404950, 5.4755
16.448301, 5.5983
16.491874, 40.3191
16.514958, 36.7655
16.559828, 33.1656
16.602404, 29.5195
16.649779, 72.0029
16.669825, 63.7342
16.715751, 101.6413
16.737266, 88.3490
16.778786, 75.0105
16.823636, 62.1222
16.867138, 49.0309
16.909293, 35.9397
16.948419, 22.6017
16.995100, 9.4642
17.033311, -3.6733
17.044174, 1.8560
17.065578, -8.0986
17.104594, -18.0069
17.147855, -27.8689
17.186740, -12.2084
17.198026, -16.7539
17.220566, 4.1769
17.258285, 4.4083
17.301284, 4.6396
17.340109, 4.4237
17.353527, 4.2540
17.376450, 4.5779
17.421541, 4.4545
17.460738, 4.3774
17.505357, 4.3466
17.547591, 4.1152
17.585582, 3.8839
17.596605, 4.0998
17.619126, 4.2695
17.663885, 3.9456
17.684988, 4.3157
17.727172, 50.8616
17.772756, 46.0077
17.815212, 77.2495
17.856572, 68.5121
17.896322, 60.2219
17.942289, 51.6850
17.980792, 42.9476
17.994763, 34.2103
18.017947, 25.4729
18.060091, 16.7355
18.101411, 7.9981
18.140316, -0.4925
18.186765, -8.9369
18.225801, -17.5817
18.234411, -25.9798
18.272763, -8.8554
18.314334, -12.6309
18.353873, 3.4829
18.369494, 3.4367
18.392487, 3.6371
18.434541, 3.6371
18.475810, 3.6371
18.515349, 3.6371
18.559052, 3.6371
18.598581, 3.6371
18.612723, 3.6371
18.656427, 3.1951
18.677549, 3.2408
18.715720, 3.2866
18.760359, 2.8902
18.798259, 2.9817
18.811415, 2.6311
18.855219, 1.8893
18.878443, 1.2385
18.922046, 0.6785
18.963536, 0.6465
19.001919, 0.6601
19.043751, 0.7195
19.082908, 0.8246
19.097040, 1.4175
19.119943, 1.5683
19.164028, 1.5210
19.184899, 1.7176
19.234869, 1.9599
19.251153, 2.0040
19.292684, 2.2921
19.336789, 2.8240
19.376278, 2.6271
19.420182, 2.8270
19.459138, 3.3832
19.471731, 4.0433
19.494161, 4.0433
19.537452, 4.0433
19.580531, 4.0433
19.619165, 113.9448
19.664659, 100.0999
19.702126, 85.7156
19.714880, 71.2857
19.737340, 56.8100
19.781607, 42.2887
19.803544, 27.7215
19.847247, 12.9105
19.888697, -1.2094
19.927049, -15.1773
19.977492, 88.6268
20.015200, 62.2495
20.060231, 35.4764
20.098925, 85.0824
20.112534, 73.4277
20.157304, 99.0946
20.198070, 83.0600
20.237689, 66.8249
20.278375, 50.5898
20.317794, 33.9126
20.357061, 17.2812
20.398069, 0.6955
20.441048, -15.6464
20.482428, -31.5433
20.520538, -47.3939
20.533815, 1.2268
20.575769, -3.0118
20.618969, -7.4485
20.659172, -11.3947
20.701718, -14.8067
20.741167, 2.5549
20.752201, 2.8750
20.793923, 3.1951
20.835463, 3.5152
20.872679, 3.5914
20.885443, 3.6219
20.929408, 3.6067
20.952713, 3.3475
20.995018, 3.5762
21.038832, 3.8048
21.080433, 3.3475
21.125755, 2.8902
21.164128, 2.4330
21.206041, 2.4177
21.245630, 2.6006
21.259209, 2.7835
21.299150, 2.9665
21.344835, 3.1494
21.384444, 3.7795
21.424406, 4.3634
21.463895, 4.4538
21.482271, 4.5442
21.524778, 4.8379
21.568380, 5.2836
21.604962, 5.6829
21.649591, 5.7921
21.687822, 5.8093
21.702055, 5.7346
21.725058, 5.8117
21.768299, 5.8425
21.810493, 5.3798
21.847689, 4.9172
21.894520, 4.4545
21.931162, 4.2386
21.945415, 4.0690
21.965964, 3.6988
22.009295, 130.4437
22.050072, 117.1705
22.088373, 104.3908
22.099488, 91.6111
22.120097, 77.9421
22.159988, 63.9282
22.206035, 50.4884
22.244840, 38.0299
22.293804, 70.6009
22.332468, 53.2374
22.376785, 35.3804
22.415006, 17.0814
22.431160, -0.7299
22.475416, -18.0939
22.516273, -35.5042
22.554806, 16.7244
22.599576, 11.9704
22.637606, 7.9104
22.651305, 3.4032
22.673564, -1.1011
22.718545, -6.3858
22.737505, -11.5203
22.776410, -15.7627
22.817659, 5.7493
22.856213, 5.7493
22.871471, 5.6986
22.895269, 5.0824
22.937474, 4.6644
22.977988, 4.4931
23.016894, 3.9260
23.064801, 4.5460
23.105709, 4.6204
23.148376, 4.8952
23.187935, 5.3759
23.201333, 4.6684
23.224668, 3.8061
23.270242, 2.9896
23.291525, 2.4655
23.335681, 2.5358
23.359107, 2.2899
23.401895, 1.4523
23.423470, 0.7057
23.466348, 0.0500
23.488718, -0.0779
23.533809, 133.7063
23.554942, 120.2471
23.592509, 106.2402
23.631183, 94.1492
23.644591, 82.2610
23.685176, 69.6326
23.726083, 56.8653
23.767352, 43.9592
23.805423, 30.9143
23.820913, 17.7306
23.842669, 4.4081
23.886463, -9.2943
23.927973, -23.1807
23.966617, -37.2511
24.009144, -51.2644
24.047707, -51.2644
24.063871, -51.2644
24.109223, -51.2644
24.130165, 7.3604
24.172490, 7.3604
24.215660, 7.3604
24.253479, 7.3604
24.297444, 7.3604
24.336340, 7.3604
24.351880, 7.3604
24.372167, 7.8183
24.416685, 140.5393
24.458880, 126.7572
24.501647, 111.6334
24.546809, 96.6484
24.585383, 82.2442
24.627054, 67.9331
24.666090, 52.8360
24.682395, 39.2493
24.727033, 25.7093
24.766351, 12.2162
24.806916, -1.2302
24.849895, -15.9559
24.890913, -30.0607
24.902239, -44.0267
24.946435, -11.6824
24.989504, 43.1778
25.028621, 39.5494
25.073008, 34.3381
25.112236, 29.1269
25.120805, 24.1595
25.165373, 18.8009
25.205184, 13.0483
25.247248, 8.0275
25.286395, 3.5807
25.300587, -0.7741
25.321699, -0.7741
25.364578, -9.9393
25.409860, -14.6459
25.453744, -18.4632
25.496613, 2.9619
25.533979, 2.9619
25.581012, 2.7801
25.620179, 2.7769
25.628779, 2.7737
25.672361, 39.2619
25.718318, 35.2427
25.757263, 31.6203
25.798019, 27.4649
25.837176, 23.5054
25.850463, 23.5054
25.874724, 23.5054
25.919242, 23.5054
25.938876, 8.9531
25.981251, 41.8379
26.024934, 35.4376
26.063598, 29.6795
26.109746, 23.8832
26.148329, 17.8527
26.161868, 11.5881
26.203730, 11.5881
26.247836, 22.2647
26.292193, 151.1636
26.335544, 134.1439
26.373544, 116.8901
26.414763, 99.4021
26.456183, 81.6800
26.469289, 62.5938
26.490281, 43.7081
26.532958, 80.0671
26.576661, 61.1814
26.615778, 44.4276
26.661865, 27.6738
26.700660, 10.9200
26.712116, -5.8339
26.755960, -22.5877
26.797320, -39.3415
26.837412, 16.6478
26.880864, 13.5333
26.920323, 8.5978
26.932191, 3.8505
26.976347, 132.9599
27.019699, 114.0037
27.061380, 94.6518
27.108272, 95.0344
27.153816, 125.4682
27.174445, 106.0830
27.212244, 86.9320
27.256330, 68.0150
27.294662, 49.3322
27.307909, 30.8835
27.351652, 58.5877
27.397508, 35.8570
27.440829, 13.3604
27.483888, -9.9068
27.522200, -33.1283
27.563781, 17.4439
27.603129, 8.1416
27.618136, -1.3588
27.638122, -10.8593
27.680960, 43.4326
27.721928, 34.7040
27.760582, 26.4174
27.771656, 18.0851
27.792396, 9.7071
27.834792, 39.2990
27.881120, 52.2314
27.924683, 83.5587
27.966274, 71.7783
28.005984, 59.9521
28.047886, 47.6382
28.086903, 35.7663
28.100662, 23.4066
28.147353, 11.0469
28.190825, -1.3127
28.234950, 7.9877
28.280303, 53.9850
28.325224, 41.0611
28.366815, 29.0013
28.408436, 15.8907
28.446285, 24.6184
28.494816, 145.1460
28.533490, 144.2814
28.544474, 126.2877
28.564832, 108.1536
28.604381, 89.6351
28.653868, 70.7165
28.699251, 94.9127
28.743286, 70.5707
28.786386, 46.5892
28.830562, 22.7128
28.875381, 28.0741
28.916510, 9.4369
28.954389, -8.6979
29.000879, -27.2409
29.039271, -45.2815
29.050255, 7.9344
29.097066, 126.7149
29.138375, 109.4721
29.177472, 92.3235
29.222734, 75.2692
29.261207, 57.6091
29.272472, 64.0155
29.295013, 50.7869
29.340084, 38.3015
29.361297, 25.8629
29.405574, 13.2214
29.448935, 0.5800
29.492236, -12.0615
29.535466, -25.1502
29.574181, -38.1926
29.621606, -51.1888
29.659043, 4.0227
29.667723, 3.8993
29.690887, 3.8222
29.733574, 124.7504
29.776895, 112.0061
29.815459, 99.2618
29.854002, 87.4172
29.867370, 76.1842
29.892113, 64.8571
29.933603, 52.0780
29.977055, 39.3453
30.016464, 26.6588
30.061897, 14.2190
30.101325, 1.2858
30.112098, -11.6475
30.134317, -23.2230
30.176471, -34.9391
30.217670, -46.7955
30.255881, 7.0332
30.305327, 49.3925
30.344645, 44.0308
30.391909, 163.1552
30.431499, 146.2563
30.439676, 129.9042
30.464148, 112.8504
30.508736, 95.7035
30.549875, 78.9214
30.590631, 61.7877
30.629798, 44.3605
30.640701, 27.2981
30.686094, 10.3863
30.708645, -6.4780
30.750567, -23.2950
30.793919, -40.5669
30.833307, -32.8815
30.875713, -46.2100
30.913783, 8.7764
30.927191, 8.3350
30.949913, 8.0964
30.994692, 7.8579
31.017384, 7.6193
31.059568, 7.6334
31.099761, 7.4422
31.138576, 7.2510
31.189722, 49.6599
31.226988, 45.1353
31.235286, 40.1581
31.274051, 35.6804
31.319394, 31.2026
31.357303, 27.4919
31.368488, 24.0792
31.390677, 19.6500
31.434511, 141.4360
31.477047, 123.4974
31.515973, 105.6057
31.564685, 87.7607
31.603007, 70.4152
31.646217, 53.0696
31.686239, 36.1819
31.699365, 42.1531
31.721413, 29.1409
31.762803, 15.8791
31.808679, 2.3676
31.849013, -11.9864
31.892585, -26.2016
31.931169, -39.7697
31.942886, -53.1699
31.964341, 2.7169
32.008929, 2.3557
32.031269, 2.0407
32.074077, 1.7720
32.098770, 1.3571
32.141729, 0.6442
32.162549, 0.3679
32.207520, 0.0704
32.250056, -0.0432
32.295329, 128.0213
32.318161, 114.7853
32.362065, 101.1959
32.383027, 88.5307
32.422767, 75.8197
32.464107, 63.3069
32.504098, 50.5502
32.516068, 37.9917
32.556613, 25.4332
32.596283, 12.8746
32.637260, -0.3698
32.678036, -13.8553
32.694713, -27.3861
32.714518, -40.9620
32.759398, -54.5831
32.802628, -54.5831
32.846674, -54.5831
32.890105, -54.5831
32.930540, -54.5831
32.974786, 3.0274
33.013209, 3.0274
33.023005, 3.0274
33.046119, 4.9163
33.091834, 5.4534
33.111558, 5.9442
33.156901, 6.1449
33.178838, 6.2535
33.224443, 6.2702
33.244197, 6.1949
33.289027, 51.0571
33.328838, 46.3834
33.368749, 41.6635
33.413589, 36.8973
33.454435, 32.0849
33.465349, 27.2262
33.488030, 22.5680
33.532467, 17.9097
33.575638, 13.2515
33.619441, 8.1460
33.663446, 3.0868
33.706928, 128.4135
33.731782, 110.4107
33.774772, 91.9606
33.817580, 73.5568
33.856566, 80.0431
33.900058, 66.3900
33.939466, 52.7833
33.978572, 39.2228
33.997060, 25.7085
34.017196, 12.2405
34.062056, -0.7339
34.104542, -13.7084
34.146606, -26.6829
34.189424, -39.9041
34.229034, -52.7191
34.274759, 129.3743
34.313513, 116.9174
34.326348, 104.2137
34.349462, 91.4637
34.394452, 78.6675
34.415001, 65.8250
34.459177, 52.9362
34.502136, 40.0012
34.546715, 141.7379
34.590780, 116.8430
34.629012, 92.1485
34.672866, 67.4541
34.713270, 42.3124
34.723590, 17.2170
34.746704, -6.2248
34.788717, 38.1977
34.831716, 27.1450
34.870541, 15.9980
34.916598, 5.2203
34.955302, -6.1629
34.966215, -17.6404
35.012876, 12.6775
35.033646, -3.3217
35.076193, 43.8776
35.098321, 39.5574
35.142427, 77.0325
35.188846, 66.8329
35.232388, 56.4327
35.274401, 46.0325
35.313427, 36.8287
35.356145, 27.7191
35.394749, 18.7036
35.407623, 9.7823
35.452886, 127.8787
35.496156, 106.0901
35.539347, 84.3958
35.580586, 85.9071
35.618706, 68.7345
35.627266, 51.6561
35.666171, 34.6719
35.710156, 41.3458
35.748639, 28.5400
35.759160, 15.6412
35.798036, 2.6492
35.846356, -10.1891
35.883943, -23.0742
35.892181, -36.0061
36.026540, -48.9848
36.096404, 7.8753
36.115525, 7.9065
36.135773, 7.8909
36.181296, 50.1760
36.224436, 45.6860
36.264911, 41.1491
36.308252, 36.5655
36.348002, 32.1847
36.398696, 154.0192
36.437028, 136.1292
36.479122, 118.2859
36.517313, 100.4895
36.532622, 82.7399
36.575802, 191.7048
36.614678, 160.9453
36.653462, 129.7853
36.664456, 98.7184
36.707707, 67.7446
36.745445, 60.2280
36.793735, 75.9840
36.832621, 45.3085
36.843473, 14.7261
36.864304, -15.7632
36.910693, 23.4765
36.931735, 5.9804
36.974553, -11.4694
37.019292, -28.8729
37.063981, -46.2302
37.106920, 6.3444
37.151539, 129.2983
37.192908, 111.7868
37.230929, 94.2753
37.280627, 120.0110
37.319442, 98.0256
37.363658, 99.3025
37.403539, 81.6789
37.415900, 64.0552
37.438894, 46.4315
37.482345, 28.8078
37.526280, 11.1841
37.564270, -6.4395
37.608386, -24.0632
37.647100, -41.6869
37.705790, -59.3106
37.748126, -6.3546
37.791809, -10.8747
37.837554, -15.3948
37.858364, 3.9456
37.903285, 3.8993
37.946294, 3.8531
37.990389, 3.8068
38.033590, 3.7605
38.073239, 3.7143
38.112919, 4.1152
38.152197, 4.0227
38.167536, 3.9302
38.188387, 4.2849
38.232744, 125.1051
38.276920, 112.4533
38.321880, 200.0000
38.363149, 195.4468
38.406551, 169.9319
38.448715, 144.9048
38.488093, 119.8777
38.526918, 94.4086
38.543263, 68.9852
38.563903, 43.6075
38.609507, 18.2756
38.651269, -6.3219
38.697537, -31.9987
38.742498, -57.1478
38.784632, -82.0043
38.826082, -40.2796
38.865530, -52.7321
38.909727, 1.1601
38.948270, 0.6764
38.961436, 0.2379
38.982780, 0.0885
39.024130, 0.0300
39.068456, 0.2554
39.107855, 0.4809
39.152413, 1.1484
39.191449, 0.8912
39.230465, 0.9231
39.247474, 0.5610
39.270397, 0.4399
39.316685, 0.8010
39.337747, 1.1621
39.380042, 1.1621
39.426048, 1.6431
39.469309, 1.7180
39.513475, 1.7476
39.557400, 48.7970
39.601173, 48.7970
39.645208, 48.7970
39.688238, 48.7970
39.732897, 48.7970
39.775121, 48.7970
39.815425, 200.0000
39.857207, 172.2200
39.895106, 138.9714
39.911019, 138.9714
39.955879, 138.9714
39.999914, 138.9714
40.043486, 138.9714
40.084574, -24.4387
40.123802, -56.9189
40.171488, -63.4320
40.211279, -91.0434
40.255394, -44.6629
40.295034, -58.4008
40.308904, 1.8532
40.351270, 1.9888
40.395285, 2.1244
40.433889, 1.8231
40.478437, 1.3259
40.517050, 0.8287
40.528135, 0.3315
40.574875, 0.0753
40.593946, 0.0753
40.637126, 0.0753
40.681503, 0.0753
40.720157, 31.1790
40.763981, 27.0349
40.802082, 22.9359
40.815560, 18.8822
40.838855, 15.3106
40.881251, 11.7390
40.925990, 7.7305
40.969854, 3.9631
41.013739, 0.1504
41.058659, 130.4027
41.100823, 112.1893
41.139246, 112.1893
41.177729, 112.1893
41.190996, 112.1893
41.235876, 112.1893
41.279881, 112.1893
41.323272, 112.1893
41.367247, 25.0660
41.411061, 11.0871
41.455187, -2.6960
41.500821, -2.6960
41.543036, -2.6960
41.581700, -2.6960
41.629255, -26.9285
41.671078, 28.0931
41.713192, 28.0931
41.753787, 18.5776
41.764408, 13.9178
41.808262, 9.2580
41.852127, 9.2580
41.895880, 130.7199
41.942641, 112.5310
41.984494, 94.3420
42.007115, 76.1531
42.052005, 57.9641
42.095879, 65.1097
42.139954, 51.6709
42.161972, 38.2322
42.205182, 24.1155
42.249067, 10.4357
42.287298, -3.0482
42.334482, -16.9691
42.372613, -16.9691
42.381685, -16.9691
42.427642, -10.5668
42.470540, 43.3263
42.514334, 84.5119
42.556991, 75.0284
42.596108, 65.5450
42.637880, 56.0616
42.677077, 46.5782
42.691068, 37.0948
42.714303, 27.1744
42.758911, 17.4951
42.802192, 8.0117
42.844567, -1.4717
42.888180, -11.6331
42.926724, -11.6331
42.970628, -30.8863
43.009624, -14.4479
43.023042, -14.4479
43.045522, -14.4479
43.089215, 1.6573
43.130082, 1.7477
43.168786, 2.2802
43.213928, 2.3248
43.252733, 2.3695
43.265647, 2.1731
43.286689, 2.1726
43.330473, 139.7199
43.375222, 125.9324
43.417819, 125.9324
43.462096, 200.0000
43.505367, 175.3017
43.549442, 149.8196
43.587432, 149.8196
43.595730, 98.5795
43.642230, 72.8214
43.683237, 46.9713
43.729696, 21.2731
43.772193, -4.7152
43.813200, -30.7955
43.852830, -56.9678
43.896614, -83.2322
43.935791, -33.7000
43.949651, -45.6753
43.973258, 5.8425
44.015995, 5.6883
44.057707, 5.4878
44.096442, 5.4878
44.141020, 5.4878
44.179835, 5.4878
44.192880, 5.0406
44.214606, 4.1975
44.258169, 3.0096
44.299850, 1.9588
44.338575, 1.0453
44.384290, 0.2689
44.425720, -0.3703
44.434370, -0.8723
44.480819, 43.9936
44.520760, 39.0869
44.564584, 34.3175
44.609052, 29.6853
44.647716, 25.1902
44.697122, 20.8324
44.736470, 16.6118
44.780847, 12.2816
44.820095, 7.7984
44.831451, 3.1194
44.871090, -1.5597
44.918133, -6.2387
44.956867, -10.9177
45.001898, -10.9177
45.039979, -10.9177
45.054252, -10.9177
45.096919, -10.9177
45.140793, -10.9177
45.184386, -10.9177
45.231318, 123.7105
45.274518, 123.7105
45.297763, 123.7105
45.340571, 123.7105
45.383982, 123.7105
45.422003, 123.7105
45.463644, 123.7105
45.507770, 123.7105
45.551654, 123.7105
45.592752, 123.7105
45.604309, 123.7105
45.648566, 123.7105
45.671981, 123.7105
45.716912, 123.7105
45.737591, 123.7105
45.781043, 123.7105
45.825199, 123.7105
45.871155, 123.7105
45.912606, 124.4215
45.951652, 124.4215
45.995707, 124.4215
46.035387, 82.4395
46.047336, 82.4395
46.067835, 53.9813
46.113278, 80.2465
46.154517, 61.8284
46.195585, 43.4102
46.237166, 24.9921
46.276212, 6.1370
46.289308, -12.2360
46.312805, -30.6089
46.354868, -48.9819
46.396841, 8.5336
46.435506, 4.3898
46.480838, 0.2459
46.520116, -3.8980
46.531723, -8.0418
46.577539, -12.1857
46.621604, -16.3296
46.663728, 1.8683
46.708065, 1.9135
46.752311, 1.9587
46.795813, 2.0039
46.834809, 1.8080
46.882254, 1.8080
46.921180, 1.8080
46.964169, 1.8080
47.004141, 1.8080
47.017236, 1.8080
47.039576, 1.8080
47.084275, 1.8080
47.128722, 1.8080
47.173230, 1.8080
47.214731, 1.8080
47.253314, 1.8080
47.298647, 1.3711
47.337321, 0.9793
47.348687, 0.6328
47.372646, 0.3315
47.414418, 0.5123
47.457638, 0.6931
47.501372, 138.4217
47.540046, 124.3734
47.579867, 110.3252
47.593073, 96.2769
47.612999, 81.7916
47.655817, 198.5702
47.681656, 171.0379
47.723278, 143.5057
47.765925, 115.9735
47.804931, 88.2002
47.846834, 59.9448
47.885900, 32.1263
47.902174, 4.2626
47.923508, 4.2626
47.967231, 4.2626
48.008380, 4.2626
48.050906, 4.2626
48.095977, -30.7694
48.135436, -44.0726
48.180165, -57.6168
48.220589, 1.1903
48.232529, 1.3711
48.276212, 1.5519
48.296590, 1.5519
48.336048, 1.9135
48.384771, 1.8532
48.423676, 1.9888
48.471202, 2.1244
48.509996, 2.2600
48.554675, 2.2600
48.593028, 2.4459
48.607320, 2.6464
48.650943, 2.9969
48.672136, 2.9969
48.717599, 2.9969
48.761122, 2.9969
48.807148, 3.9420
48.827486, 4.0639
48.872879, 4.5874
48.911915, 5.0189
48.954341, 5.3583
48.998738, 5.1586
49.038117, 4.9131
49.046727, 4.6218
49.071440, 4.2849
49.115787, 4.1461
49.160526, 4.0073
49.205255, 3.8685
49.224145, 3.7297
49.266309, 130.7059
49.310425, 117.4173
49.347932, 104.1286
49.356240, 90.8400
49.395608, 77.7981
49.438527, 64.8025
49.477291, 51.8532
49.488235, 38.7034
49.511309, 25.5535
49.555686, 50.4194
49.598152, 33.3369
49.641734, 16.2544
49.683325, -0.8281
49.722130, -17.9106
49.730821, -34.5458
49.772522, 18.9051
49.815803, 15.3272
49.854045, 11.7029
49.862805, 8.0325
49.900715, 4.3157
49.948200, 0.5527
49.990586, -3.2566
50.030487, -7.1121
50.070278, -11.0139
50.086542, 6.0122
50.130678, 5.9505
50.170881, 5.8425
50.209444, 5.2410
50.252745, 4.1975
50.293501, 3.0096
50.306728, 3.2850
50.352402, 3.5605
50.373816, 3.8360
50.416856, 3.6642
50.458145, 3.5386
50.495813, 3.4594
50.543510, 133.7660
50.581973, 120.2959
50.592292, 106.8720
50.616674, 93.4944
50.659049, 80.1631
50.699826, 66.8780
50.738731, 53.3925
50.779155, 39.6630
50.818775, 25.6468
50.834858, 12.2714
50.873663, -1.0578
50.918975, -13.8935
50.958112, -13.8935
50.966843, -40.1046
51.013634, -53.2796
51.057196, 5.4107
51.098445, 5.6266
51.138166, 5.7962
51.182865, 5.9196
51.222384, 5.9967
51.231325, 6.0276
51.271388, 6.0122
51.312707, 5.0612
51.351663, 4.1559
51.364648, 3.2964
51.387199, 2.4826
51.425692, 1.9613
51.466729, 1.5320
51.506359, 1.1947
51.519998, 0.9494
51.543726, 0.7961
51.586101, 0.7347
51.629493, 0.3285
51.668006, 0.0594
51.712292, 0.3644
51.751298, 1.2035
51.764656, 2.0889
51.786432, 2.5299
51.831443, 2.9251
51.851761, 3.2747
51.895534, 3.5785
51.917844, 4.7363
51.962030, 5.3028
52.003007, 5.7773
52.043723, 6.6124
52.090776, 6.8561
52.129882, 7.0078
52.171292, 6.3792
52.210288, 5.6597
52.225768, 5.0903
52.248590, 4.7191
52.292525, 4.7191
52.335433, 4.7191
52.375083, 2.4164
52.420054, 1.7404
52.458627, 1.1100
52.469742, 1.0218
52.490783, 0.8227
52.534255, 125.1474
52.579236, 112.5098
52.622617, 140.2556
52.647069, 123.4100
52.692362, 106.4096
52.711030, 89.4550
52.749533, 72.5461
52.795177, 55.6830
52.833670, 38.6217
52.844916, 21.5603
52.868090, 4.4990
52.909681, -12.5623
52.956281, -29.6236
52.999934, -46.6849
53.043044, -63.7462
53.085781, 28.3388
53.129283, 19.9606
53.168551, 33.4872
53.211439, 28.9064
53.252859, 24.3708
53.263561, 19.8804
53.307144, 15.4352
53.348685, 11.0352
53.387288, 6.6804
53.438254, 45.4127
53.477199, 36.6957
53.520541, 28.9029
53.558581, 20.6223
53.572713, 12.7837
53.595264, 4.4574
53.641029, 18.0358
53.662634, 13.9437
53.704738, 9.6106
53.746148, 5.2323
53.784701, 0.3718
53.835043, 36.4426
53.875598, 36.4426
53.921313, 36.4426
53.959524, 36.4426
53.968758, 36.4426
53.990775, 36.4426
54.028383, 36.4426
54.072982, 36.4426
54.113748, 10.3226
54.125224, 10.3226
54.145864, 1.5141
54.189386, 134.7331
54.212731, 117.0644
54.257441, 99.3037
54.298338, 99.3037
54.339013, 83.8751
54.385714, 69.9252
54.424318, 55.8381
54.475283, 55.8381
54.521159, 27.7117
54.564007, 27.7117
54.611130, 27.7117
54.631387, -14.6139
54.675704, -28.9976
54.717869, -43.4270
54.766420, 75.7660
54.805989, 123.3059
54.848113, 109.6313
54.891394, 96.0030
54.931597, 81.9303
54.940006, 67.8119
54.962546, 54.1384
55.008452, 174.1792
55.048454, 146.5238
55.092882, 118.8683
55.138154, 91.2128
55.179815, 64.4571
55.224082, 37.6083
55.262615, 9.7667
55.271145, -18.0749
55.293685, 27.8314
55.337690, 144.1570
55.361961, 116.6597
55.404216, 89.1624
55.448985, 61.6651
55.493533, 72.1835
55.536442, 40.7536
55.580658, 200.0000
55.623295, 185.3097
55.673204, 153.4377
55.690927, 122.0535
55.736793, 90.7236
55.780235, 59.9746
55.824592, 28.3802
55.865479, -3.6053
55.904263, -35.5000
55.946005, 5.0447
55.984850, -12.7930
56.000129, -31.0219
56.023152, -49.1598
56.067308, -46.2326
56.106716, -60.2561
56.147563, -0.4406
56.192131, -0.4545
56.232344, -0.6213
56.242855, -0.4990
56.266522, -0.5296
56.308325, -0.2712
56.331982, -0.1657
56.375242, -0.2561
56.417226, -0.3465
56.456513, -0.1959
56.499321, 0.0000
56.541355, 0.0000
56.581467, 0.0000
56.597269, 0.0000
56.619981, 0.0000
56.662245, 0.0000
56.706301, 0.0000
56.751422, 0.0000
56.792802, 0.0000
56.831627, 0.0000
56.879464, 0.0000
56.919245, 0.0000
56.962918, 0.0000
57.002457, 0.0000
57.016056, 0.0000
57.038053, 0.0000
57.082269, 0.0000
57.127240, 0.0000
57.171587, 0.0000
57.214858, 0.0000
57.259154, 0.0000
57.303441, 0.0000
57.348230, 0.0000
57.386724, 0.0000
57.428918, 0.0000
57.470921, 0.0000
57.509716, 0.0000
57.523325, 0.0000
57.545775, 0.0000
57.589981, 0.0000
57.634449, 0.0000
57.679902, 0.0000
57.700824, 0.0000
57.743571, 0.0000
57.767118, 0.0000
57.810157, 0.0000
57.856466, 0.0000
57.897383, 0.0000
57.940543, 0.0000
57.979307, 0.0000
58.023011, 0.0000
58.063626, 0.0000
58.102220, 0.0000
58.119942, 0.0000
58.142785, 0.0000
58.185935, 0.0000
58.229165, 0.0000
58.267990, 0.0000
58.311945, 3.5278
58.350921, 2.9916
58.361532, 2.5011
58.384767, 2.0564
58.427856, 2.0994
58.451403, 2.1424
58.496011, 1.7434
58.515545, 1.3902
58.560475, 1.3294
58.602700, 1.3606
58.641525, 1.9258
58.684343, 2.0953
58.734876, 136.4669
58.775360, 122.4563
58.823499, 109.3349
58.863028, 96.1215
58.910312, 82.3689
58.949157, 68.5706
58.999197, 185.0661
59.037771, 157.4948
59.090335, 168.4269
59.133546, 176.1918
59.176505, 140.8488
59.214585, 105.0182
59.258892, 68.7505
59.299779, 32.7720
59.313086, -2.4805
59.333323, 36.2131
59.379239, 14.3005
59.399406, -7.5583
59.445292, 12.6971
59.488513, -12.5976
59.531703, -38.7713
59.555048, 7.4944
59.598520, -5.3031
59.641248, 3.5997
59.680817, 17.0376
59.722911, 13.0273
59.762138, 8.8189
59.773755, 3.9325
59.796578, -0.9540
59.841770, 139.8543
59.881842, 120.5221
59.921019, 120.5221
59.963143, 120.5221
60.000982, 84.8344
60.018292, 69.9807
60.038781, 54.7330
60.084959, 54.7330
60.127294, 62.1585
60.167155, 42.8546
60.206644, 42.8546
60.246585, 4.3824
60.260657, 4.3824
60.306130, -34.1500
60.348818, -53.5142
60.393507, 49.2145
60.413794, 40.5296
60.453142, 40.5296
60.495669, 40.5296
60.533699, 14.4748
60.549078, 14.4748
60.569416, 14.4748
60.615433, 14.4748
60.636746, 14.4748
60.678991, 14.4748
60.721145, 14.4748
60.760433, -5.7899
60.804820, -5.7899
60.843746, -5.7899
60.856701, -5.7899
60.900223, -5.7899
60.939400, -5.7899
60.977893, -5.7899
60.988615, -5.7899
61.031906, 0.0000
61.074251, 0.0000
61.115551, 0.0000
61.153883, 0.0000
61.167089, 0.0000
61.187337, 0.0000
61.232911, 0.0000
61.276674, 0.0000
61.319523, 0.0000
61.362733, 0.0000
61.401669, 0.0000
61.446106, 0.0000
61.484207, 0.0000
61.495613, 0.0000
61.518747, 0.0000
61.563184, 0.0000
61.604132, 0.0000
61.643138, 0.0000
61.690160, 0.0000
61.728794, 0.0000
61.737213, 0.0000
61.777708, 0.0000
61.820777, 0.0000
61.861091, 0.0000
61.871974, 0.0000
61.894545, 0.0000
61.939324, 0.0000
61.981589, 0.0000
62.024689, 0.0000
62.068372, 0.0000
62.109098, 0.0000
62.149794, 0.0000
62.188810, 0.0000
62.230441, 0.0000
62.246977, 0.0000
62.270111, 0.0000
62.312667, 0.0000
62.353333, 0.0000
62.392550, 0.0000
62.443455, 0.0000
62.483115, 0.0000
62.523942, 0.0000
62.562555, 0.0000
62.579081, 0.0000
62.599852, 0.0000
62.643585, 0.0000
62.686061, 0.0000
62.724202, 7.4210
62.765783, 7.4210
62.805171, 7.4210
62.820259, 7.4210
62.842166, 7.4210
62.887810, 7.4210
62.931413, 7.4210
62.975679, 7.4210
62.996751, 7.4210
63.035566, 7.4210
63.077861, 7.4210
63.119674, 0.0000
63.128022, 0.0000
63.167370, 0.0000
63.211174, 0.0000
63.250411, 0.0000
63.261224, 0.0000
63.301115, 0.0000
63.346780, 0.0000
63.384347, 0.0000
63.392555, 0.0000
63.416966, 0.0000
63.460871, 0.0000
63.504433, 0.0000
63.548941, 0.0000
63.589557, 0.0000
63.628291, 0.0000
63.675987, 0.0000
63.714340, 0.0000
63.753476, 0.0000
63.770797, 0.0000
63.790913, 0.0000
63.833098, 0.0000
63.877696, 0.0000
63.916561, 0.0000
63.961200, 0.0000
64.000538, 0.0000
64.011864, 0.0000
64.056201, 0.0000
64.099341, 0.0000
64.146333, 0.0000
64.189966, 43.9253
64.232824, 78.0894
64.274465, 48.8059
64.313270, 48.8059
64.360021, 48.8059
64.398776, -38.2160
64.407396, -38.2160
64.446995, -38.2160
64.493404, -38.2160
64.533587, -38.2160
64.576536, -45.8582
64.615974, -45.8582
64.632027, -45.8582
64.675559, -45.8582
64.720047, -45.8582
64.763227, -45.8582
64.806418, 5.1004
64.851107, 5.1004
64.872692, 5.1004
64.918035, 5.1004
64.959032, 5.1004
65.000221, 5.1004
65.045030, 5.1004
65.084801, 57.6785
65.135102, 82.2409
65.173495, 64.1885
65.223977, 84.6676
65.263537, 62.2880
65.309251, 39.8163
65.348760, 17.4966
65.357441, -4.3730
65.401918, 103.4469
65.445793, 143.3352
65.485845, 121.9627
65.529447, 100.5903
65.568685, 78.9710
65.577395, 57.5523
65.617457, 36.1336
65.662871, 14.7148
65.703677, 14.5804
65.745731, -2.8476
65.785763, 1.0088
65.801856, -12.4284
65.822787, -25.8655
65.866651, -39.3027
65.888357, -52.7398
65.933790, 5.4878
65.954661, 5.4878
65.998717, 5.4878
66.042702, 5.4878
66.088728, 44.0655
66.131637, 40.0747
66.177362, 74.6617
66.221075, 66.6801
66.265754, 58.6985
66.284754, 50.7169
66.324303, 42.7353
66.368389, 34.7537
66.407958, 26.7721
66.416226, 18.7905
66.439551, 10.8089
66.482762, 129.4950
66.507002, 108.4099
66.551399, 87.3247
66.592357, 66.2396
66.631373, 66.4387
66.673648, 49.3443
66.712704, 53.0870
66.728646, 39.5824
66.749014, 26.1241
66.794126, 146.3803
66.835546, 119.6340
66.876473, 92.8878
66.920015, 66.1416
66.959263, 39.3953
66.970166, 12.2019
66.993340, 54.9403
67.037959, 40.9429
67.082074, 26.9918
67.125285, 13.0870
67.166373, -0.7716
67.204333, -14.5839
67.249987, -28.5967
67.288500, -42.6095
67.301616, -56.6223
67.322246, 3.1128
67.365969, 127.1642
67.411513, 114.4456
67.455951, 101.7733
67.497260, 89.1473
67.535381, 76.7680
67.579426, 63.8952
67.619559, 51.0224
67.630683, 38.1496
67.674990, 24.8348
67.719297, 12.0078
67.765655, 37.1964
67.806522, 20.4367
67.845478, 3.6770
67.887089, -13.0828
67.927986, -29.8425
67.940981, 21.8059
67.963623, 17.8727
68.006591, 13.9395
68.048102, 10.0063
68.087772, 6.3199
68.130912, 2.4330
68.172825, -1.4540
68.183476, -5.3409
68.226375, 28.5440
68.270239, 20.6787
68.311066, 33.7875
68.353592, 29.8549
68.391904, 25.9222
68.405000, 21.9896
68.449045, 18.0569
68.490325, 14.1242
68.528948, 10.1916
68.574130, 6.2589
68.613559, 2.3263
68.626986, -1.6064
68.646550, -5.9811
68.692053, 120.4715
68.735716, 102.6592
68.781462, 200.0000
68.800723, 200.0000
68.841027, 183.8705
68.884167, 155.9537
68.923102, 128.1278
68.935977, 100.3928
68.980123, 72.7488
69.023363, 45.1957
69.068545, 18.1705
69.087686, -8.8090
69.126340, -35.7428
69.170747, -62.6308
69.210166, -89.7170
69.223443, -44.6478
69.242755, -58.2049
69.286890, 42.7242
69.329075, 38.6104
69.367286, 34.4515
69.415667, 30.2474
69.456111, 25.5611
69.504109, 25.5611
69.542290, 25.5611
69.552972, 25.5611
69.597470, 25.5611
69.641787, 25.5611
69.684414, 25.5611
69.728348, 25.5611
69.772675, 32.7702
69.817837, 24.0984
69.862033, 15.4718
69.907396, 29.2320
69.950093, 24.8849
69.991704, 20.5830
70.031143, 16.3262
70.078950, 11.8736
70.118751, 7.4210
70.163772, 2.9684
70.202808, -1.4842
70.213801, -1.4842
70.259054, -1.4842
70.297838, -1.4842
70.337740, -1.4842
70.383113, -1.4842
70.424643, -1.4842
70.435395, -1.4842
70.480778, -1.4842
70.501136, 62.6720
70.546137, 62.6720
70.589579, 62.6720
70.634238, 62.6720
70.680114, 62.6720
70.722388, 62.6720
70.761606, 62.6720
70.803780, 62.6720
70.849917, 62.6720
70.889527, 62.6720
70.928875, 62.6720
70.942082, 62.6720
70.985443, 5.3736
71.024348, 5.3736
71.068051, 5.3736
71.108617, 5.9022
71.119842, 5.9022
71.141246, 5.9022
71.187614, 5.9022
71.208847, 5.9022
71.251585, 5.9022
71.295208, 5.9022
71.338720, 5.9022
71.381940, 5.9022
71.421268, 5.9022
71.462175, 92.4534
71.501604, 80.1252
71.518160, 66.8503
71.538638, 53.6217
71.582402, 41.0924
71.629203, 27.5703
71.671619, 14.0481
71.712697, 0.5260
71.751733, -12.9962
71.795859, -26.5183
71.833950, -40.0405
71.855454, -53.5626
71.868972, 3.0476
71.909387, 3.1717
71.956087, 2.8925
71.994490, 3.1097
72.038786, 3.4200
72.078658, 3.3269
72.089561, 3.2338
72.112685, 4.9948
72.158379, 4.8544
72.200081, 4.7139
72.245434, 128.5632
72.288302, 115.5962
72.329069, 102.6292
72.370106, 89.6623
72.409867, 76.6953
72.423164, 63.7283
72.443119, 50.7613
72.482809, 37.7944
72.523113, 24.3854
72.561475, 11.0221
72.576613, -2.2955
72.597585, -15.5673
72.643219, 67.4370
72.685363, 44.0827
72.724792, 20.8194
72.769380, 66.0552
72.809975, 55.8003
72.853628, 45.6363
72.895219, 35.5632
72.907621, 25.5811
72.952903, 15.6898
72.972406, 5.8896
73.016904, -3.8198
73.059129, -13.6821
73.107218, 19.5426
73.129255, 5.3181
73.173371, -8.8612
73.214047, 29.6840
73.253717, 25.2314
73.298918, 20.7788
73.338166, 16.3262
73.347138, 11.8736
73.392712, 11.8736
73.413895, 11.8736
73.459398, 11.8736
73.502196, 11.8736
73.546624, 11.8736
73.589412, 11.8736
73.628790, 11.8736
73.676778, 11.8736
73.723851, 11.8736
73.745386, 11.8736
73.788737, 11.8736
73.831142, 40.5727
73.870752, 40.5727
73.915481, 40.5727
73.956318, 40.5727
73.966447, 40.5727
73.989168, 40.5727
74.033344, 40.5727
74.073607, 40.5727
74.114937, 3.1608
74.156266, 2.5803
74.197385, 2.0450
74.211044, 2.0450
74.254476, 0.8689
74.294638, 0.1829
74.336199, -0.5030
74.381481, -1.1890
74.422006, -1.1890
74.466554, -1.1890
74.509393, -1.1890
74.556677, -1.1890
74.597785, 105.0457
74.644516, 200.0000
74.687927, 182.4801
74.733904, 159.6066
74.775454, 159.6066
74.824770, 159.6066
74.863374, 159.6066
74.903114, 66.7766
74.942824, 66.7766
74.961573, 66.7766
75.003536, 66.7766
75.047380, 66.7766
75.087744, 66.7766
75.132202, 66.7766
75.171459, 66.7766
75.223159, 66.7766
75.261581, 66.7766
75.308875, 66.7766
75.349088, 77.4899
75.392590, 66.4120
75.431657, 55.3341
75.444904, 44.2562
75.469768, 33.1782
75.512023, 22.1003
75.554579, 11.0224
75.593143, -0.0555
75.641513, -11.1334
75.679473, -21.3115
75.729905, 94.6325
75.768650, 70.3117
75.810683, 105.0730
75.849820, 91.8301
75.864988, 78.5872
75.886643, 65.3443
75.932509, 91.1264
75.952927, 73.8464
75.996560, 171.7317
76.041702, 142.5380
76.087346, 152.3694
76.128404, 119.1387
76.171051, 85.4660
76.215931, 51.8390
76.255732, 19.1962
76.299848, 55.8404
76.339870, 35.9898
76.350833, 16.1392
76.393933, -3.7114
76.432607, -23.1147
76.473273, -43.0116
76.512580, -41.8195
76.528613, -58.0756
76.548981, -10.7465
76.595591, -14.9975
76.616130, 2.3282
76.659864, 2.2057
76.681962, 1.8851
76.726731, 1.5645
76.767296, 1.4877
76.806825, 1.2128
76.854190, 1.1818
76.893307, 1.1965
76.944161, 41.7512
76.984404, 38.8044
77.028681, 35.6107
77.067446, 32.1270
77.080552, 28.5512
77.123350, 24.8835
77.164236, 21.1237
77.208654, 17.2719
77.252790, 13.3282
77.291313, 9.2925
77.333980, 5.6173
77.373942, 1.8033
77.387410, -2.1496
77.409407, -6.2412
77.449399, -10.4716
77.492981, 7.5008
77.531434, 8.1304
77.544409, 7.3081
77.564254, 6.5320
77.606710, 5.8022
77.648352, 5.1187
77.687911, 4.4815
77.738011, 46.0534
77.777078, 41.1470
77.819996, 36.2869
77.859495, 31.7227
77.875528, 27.2516
77.895826, 22.8736
77.939941, 18.5886
77.980929, 14.3968
78.019804, 11.1978
78.063729, 7.3516
78.103399, 2.8969
78.116756, -1.5579
78.139739, -6.0126
78.183563, -10.4674
78.205963, -14.4749
78.249314, 4.2863
78.291368, 4.1470
78.329660, 4.0076
78.375757, 3.8683
78.416332, 3.7289
78.464159, 115.9839
78.502863, 105.1173
78.511312, 93.2579
78.551364, 81.8949
78.595058, 70.1286
78.634335, 58.3622
78.647622, 46.5959
78.667407, 34.3875
78.711593, 61.6918
78.753365, 45.7389
78.792331, 29.6312
78.837060, 13.5692
78.878007, -2.8840
78.890288, -18.8094
78.910576, -34.6890
78.954520, 11.0508
78.997550, 6.9944
79.036898, 2.6255
79.078388, -1.6525
79.117847, -5.8395
79.131164, -9.9356
79.174737, 29.1011
79.218812, 20.9273
79.263430, 78.2176
79.305816, 69.6071
79.344520, 60.9965
79.393363, 52.3859
79.431806, 43.0973
79.479070, 77.0916
79.517110, 64.0736
79.529794, 50.3777
79.572461, 50.3777
79.614646, 22.9857
79.655905, 9.7266
79.688926, 9.7266
79.729401, 9.7266
79.748310, 9.7266
79.771042, 9.7266
79.815902, 9.7266
79.857010, 9.7266
79.895553, 24.4403
79.937466, 15.9871
79.977247, 6.8559
79.992073, 21.4719
80.014462, 17.0344
80.059805, 12.8379
80.080636, 12.8379
80.124570, 4.3093
80.170758, 0.2183
80.214823, 0.2183
80.256797, 0.2183
80.302170, 0.2183
80.323040, 22.2306
80.366472, 22.2306
80.407148, 22.2306
80.446979, 22.2306
80.497843, 22.2306
80.536316, 80.9285
80.578239, 67.6309
80.616813, 54.2881
80.633791, 41.1411
80.678038, 41.1411
80.718341, 41.1411
80.757528, 41.1411
80.806281, -11.0505
80.845015, -24.2432
80.892792, -13.3314
80.931637, -21.7607
80.939825, -8.6131
80.986958, -12.9138
81.029373, -17.1688
81.072644, 1.8842
81.112324, 1.8385
81.152527, 1.7928
81.192277, 1.7470
81.231475, 1.7013
81.250223, 1.6556
81.272120, 1.6098
81.316749, 42.3023
81.356439, 38.1132
81.396370, 33.9242
81.439862, 29.7351
81.479954, 25.9881
81.494670, 21.7533
81.515168, 17.5185
81.559656, 13.2837
81.602766, 9.4909
81.645001, 5.2104
81.687769, 0.9299
81.727579, -3.3506
81.772872, -7.6311
81.812119, -11.9117
81.823505, -16.1922
81.846005, 1.8690
81.890544, 41.2445
81.934186, 37.0703
81.978825, 72.3630
82.000732, 64.3499
82.044425, 55.7016
82.091086, 47.0986
82.132616, 38.9777
82.173332, 31.1006
82.212147, 22.5885
82.262640, 55.0528
82.303436, 42.3968
82.347823, 29.7860
82.386528, 17.2205
82.399342, 4.7001
82.420293, -7.7751
82.465998, 1.5698
82.486909, -5.8532
82.531568, 7.5740
82.575402, 3.3542
82.618180, -1.0614
82.662265, -5.4770
82.708222, -9.6515
82.749662, -13.7808
82.789493, -13.7808
82.828599, -13.7808
82.839422, 0.0606
82.884413, 43.0115
82.924324, 43.0115
82.965503, 33.9245
83.010745, 33.9245
83.049791, 33.9245
83.058009, 33.9245
83.096823, 33.9245
83.140939, 33.9245
83.180227, 33.9245
83.191281, 2.9684
83.216185, 2.9684
83.261015, 2.9684
83.282892, 2.9684
83.326404, 2.9684
83.366406, 2.9684
83.405744, 2.9684
83.450302, 2.9684
83.488905, 2.9684
83.527841, 2.9684
83.546006, 0.0000
83.569824, 0.0000
83.612059, 0.0000
83.653348, 0.0000
83.692606, 0.0000
83.735826, 0.0000
83.775567, 0.0000
83.788441, 0.0000
83.834065, 0.0000
83.877065, 0.0000
83.920828, 0.0000
83.965467, 0.0000
84.010971, 0.0000
84.051767, 0.0000
84.093780, 0.0000
84.139636, 0.0000
84.179769, 0.0000
84.222355, 0.0000
84.261160, 0.0000
84.273884, 0.0000
84.298185, 0.0000
84.341526, 0.0000
84.361904, 0.0000
84.406503, 0.0000
84.449803, 0.0000
84.488286, 0.0000
84.531326, 0.0000
84.569970, 73.1989
84.582875, 60.2814
84.628740, 87.2679
84.670140, 70.2225
84.709458, 53.1770
84.755917, 53.1770
84.795004, 53.1770
84.847387, 53.1770
84.887942, 53.1770
84.926647, 53.1770
84.965441, 53.1770
84.981816, 53.1770
85.026505, 53.1770
85.069273, 53.1770
85.114395, 53.1770
85.154960, 8.5465
85.193010, 8.5465
85.236230, 8.5465
85.275257, 8.5465
85.290425, 8.5465
85.312784, 8.5465
85.357704, -56.0213
85.398239, -56.0213
85.439549, -56.0213
85.487054, -56.0213
85.526271, -56.0213
85.572248, 0.0000
85.610529, 0.0000
85.620819, 0.0000
85.643309, 0.0000
85.687495, 0.0000
85.732536, 0.0000
85.776320, 0.0000
85.817609, 0.0000
85.856967, 0.0000
85.903004, 0.0000
85.942815, 0.0000
85.997039, 0.0000
86.040390, 0.0000
86.081267, 0.0000
86.120163, 0.0000
86.162186, 0.0000
86.201926, 0.0000
86.217798, 0.0000
86.237724, 0.0000
86.282735, 0.0000
86.328842, 0.0000
86.370926, 0.0000
86.392863, 0.0000
86.437441, 0.0000
86.479947, 0.0000
86.520794, 0.0000
86.561902, 0.0000
86.600808, 0.0000
86.614879, 0.0000
86.657396, 0.0000
86.700526, 5.4935
86.739139, 5.4935
86.783215, 5.4935
86.824373, 5.4935
86.832611, 5.4935
86.871335, 5.4935
86.915984, 5.4935
86.956509, 5.4935
86.967040, 0.0000
86.990405, 0.0000
87.033133, 0.0000
87.078808, 0.0000
87.120680, 0.0000
87.162472, 0.0000
87.201106, 0.0000
87.245121, 0.0000
87.284590, 0.0000
87.298038, 0.0000
87.321363, 0.0000
87.364302, 0.0000
87.407864, 0.0000
87.451386, 0.0000
87.495110, 0.0000
87.533412, 0.0000
87.578201, 0.0000
87.616423, 0.0000
87.627527, 0.0000
87.667680, 0.0000
87.711584, 0.0000
87.752793, 0.0000
87.807611, 0.0000
87.849443, 0.0000
87.895490, 0.0000
87.938067, 0.0000
87.960728, 0.0000
88.003626, 0.0000
88.027324, 0.0000
88.071862, 0.0000
88.111029, 0.0000
88.149974, 0.0000
88.195146, -0.0603
88.234193, -0.0603
88.248676, -0.0603
88.269155, -0.0603
88.314669, -0.0603
88.354862, -0.0603
88.393546, -0.0603
88.502668, -0.0603
88.565321, 0.0000
88.614486, 0.0000
88.656087, 0.0000
88.664224, 0.0000
88.689239, 0.0000
88.734411, 0.0000
88.756207, 0.0000
88.799941, 0.0000
88.820641, 0.0000
88.865400, 0.0000
88.908490, 0.0000
88.954537, 0.0000
88.998874, 0.0000
89.042939, 0.0000
89.063076, 0.0000
89.107543, 0.0000
89.149426, 0.0000
89.189941, 0.0000
89.233010, 0.0000
89.274913, 0.0000
89.283050, 0.0000
89.328725, 0.0000
89.374279, 0.0000
89.416634, 0.0000
89.458457, 0.0000
89.497895, 0.0000
89.539707, 0.0000
89.578583, 0.0000
89.591870, 0.0000
89.616543, 0.0000
89.659220, 0.0000
89.700640, 0.0000
89.741969, 0.0000
89.784788, 0.0000
89.824830, 0.0000
89.837573, 0.0000
89.857187, 0.0000
89.894755, 0.0000
89.939283, 0.0000
89.977675, 0.0000
89.990550, 0.0000
90.012829, 0.0000
90.055315, 0.0000
90.100256, 0.0000
90.140941, 0.0000
90.184101, 0.0000
90.224737, 0.0000
90.274898, 0.0000
90.314195, 0.0000
90.355193, 0.0000
90.366106, 0.0000
90.389451, 0.0000
90.434241, 0.0000
90.455866, 0.0000
90.499761, 0.0000
90.540989, 0.0000
90.583254, 0.0000
90.627913, 0.0000
90.666537, 0.0000
90.707675, 0.0000
90.720872, 0.0000
90.741371, 0.0000
90.784128, 0.0000
90.827872, 0.0000
90.867260, 0.0000
90.911728, 0.0000
90.951810, 0.0000
90.961245, 0.0000
91.007613, 0.0000
91.049566, 0.0000
91.094497, 0.0000
91.137043, 0.0000
91.175355, 0.0000
91.222358, 0.0000
91.261635, 0.0000
91.270356, 0.0000
91.293812, 0.0000
91.336610, 0.0000
91.358135, 0.0000
91.402904, 0.0000
91.444585, 0.0000
91.483913, 0.0000
91.532998, 0.0000
91.574267, 0.0000
91.620535, 0.0000
91.658968, 0.0000
91.708998, 0.0000
91.747712, 45.3998
91.790178, 45.3998
91.828963, 45.3998
91.844473, 45.3998
91.867456, 45.3998
91.911431, 45.3998
91.956653, 45.3998
91.998324, 45.3998
92.040187, 45.3998
92.080209, 45.3998
92.121971, -1.3032
92.164879, -5.6303
92.175018, -5.6303
92.196935, -15.1092
92.242006, 44.6854
92.285458, 44.6854
92.330660, 153.2908
92.374645, 153.2908
92.419998, 120.6444
92.441130, 120.6444
92.486473, 120.6444
92.505664, 70.9279
92.551349, 95.7942
92.593312, 74.8689
92.632087, 53.9894
92.678325, 33.1555
92.720589, 12.3674
92.763045, -8.6189
92.802635, -29.6051
92.813880, -27.6727
92.860168, -44.3617
92.905893, 4.7490
92.926493, 0.9548
92.971966, -3.7184
93.012692, -7.6656
93.058105, -11.6585
93.101658, -15.4533
93.140503, 3.4267
93.178754, 3.6396
93.189486, 3.3647
93.212540, 3.5319
93.257440, 3.6533
93.300993, 3.7290
93.344867, 3.7589
93.387957, 3.7431
93.427154, 3.2396
93.471863, 2.9799
93.511492, 2.7660
93.519851, 2.1129
93.565505, 1.8995
93.609883, 41.1988
93.654079, 36.9941
93.692944, 36.9941
93.739343, 28.7218
93.778560, 24.4103
93.825039, 20.7848
93.865091, 17.1593
93.876306, 13.5338
93.896483, 9.9083
93.942892, 6.2828
93.985016, 2.4134
94.030610, 37.5232
94.052065, 29.5253
94.096452, 21.4817
94.137460, 13.3923
94.181485, 27.0321
94.223146, 22.9341
94.264264, 18.7903
94.305503, 14.6008
94.344771, 10.3656
94.360442, 6.3285
94.406549, 2.2915
94.427028, -1.7456
94.470268, -5.7827
94.515148, -9.8197
94.559173, -13.8568
94.603369, 3.1951
94.648722, 42.2658
94.689076, 37.3955
94.736933, 32.6161
94.758408, 27.9276
94.802745, 23.3301
94.844044, 18.8235
94.892113, 15.2868
94.913275, 11.7501
94.956224, 8.2134
94.998449, 4.6767
95.037404, 1.1400
95.081148, -2.3967
95.120385, -5.9333
95.133451, -9.4700
95.179608, -13.2506
95.218926, 4.6980
95.258475, 4.6677
95.305961, 4.5464
95.344715, 4.3343
95.387664, 116.4254
95.427042, 116.4254
95.442441, 116.4254
95.466129, 116.4254
95.508545, 116.4254
95.552368, 116.4254
95.596062, 43.9470
95.639041, 31.7143
95.677705, 19.5726
95.718340, 7.5218
95.758724, -4.4381
95.772826, -16.3070
95.796392, -28.0850
95.839341, -39.7721
95.883356, -51.3683
95.929132, -0.8629
95.972855, -0.6502
96.017202, -0.3465
96.057606, -0.1959
96.097638, 0.0000
96.141754, 0.0000
96.182057, 0.0000
96.192900, 0.0000
96.214787, 0.0000
96.259285, 0.0000
96.302505, 0.0000
96.346329, 0.0000
96.390465, 0.0000
96.430437, 0.0000
96.474462, 0.0000
96.515379, 0.0000
96.559796, 0.0000
96.598531, 0.0000
96.611717, 0.0000
96.656708, 0.0000
96.678011, 0.0000
96.722630, 0.0000
96.763577, 0.0000
96.803478, 0.0000
96.845089, 0.0000
96.884809, 0.0000
96.900661, 0.0000
96.922629, 0.0000
96.966955, 0.0000
97.010769, 0.0000
97.053095, 0.0000
97.094836, 0.0000
97.134074, 0.0000
97.176912, 0.0000
97.216964, 0.0000
97.230020, 0.0000
97.275755, 0.0000
97.296425, 0.0000
97.341958, 0.0000
97.361834, 0.0000
97.406844, 0.0000
97.448556, 0.0000
97.489513, 0.0000
97.529606, 0.0000
97.568843, 0.0000
97.584142, 0.0000
97.626487, 0.0000
97.669084, 0.0000
97.715503, 0.0000
97.756913, 0.0000
97.804559, 0.0000
97.825168, 0.0000
97.869988, 0.0000
97.893404, 0.0000
97.935327, 0.0000
97.977441, 0.0000
98.022411, 0.0000
98.046722, 0.0000
98.090214, 0.0000
98.130518, 87.1486
98.169785, 87.1486
98.178174, 87.1486
98.224492, 49.9755
98.246731, 37.4929
98.289509, 24.9647
98.331382, 12.3907
98.371152, -0.2290
98.414342, -12.8944
98.453942, -25.3617
98.467169, -38.0729
98.487607, -50.5859
98.532678, 3.6371
98.554656, 3.6371
98.598600, 3.6371
98.641841, 3.6371
98.682919, 3.1951
98.724550, 2.7988
98.765698, 2.4482
98.816191, 120.6043
98.855891, 108.0906
98.903507, 95.6226
98.943006, 83.2004
98.988872, 70.8238
99.028863, 58.4930
99.039736, 46.2080
99.062518, 33.9686
99.105568, 21.7750
99.148738, 9.6271
99.187835, -2.4750
99.231990, -14.5314
99.272053, -26.7860
99.282926, -39.0406
99.328419, -51.2952
99.372756, 1.8080
99.414176, 1.8080
99.456692, 1.8080
99.495467, 1.8080
99.538647, 1.8080
99.578518, 1.8080
99.592067, 1.8080
99.613240, 1.8080
99.658492, 1.8080
99.679966, 1.8080
99.723529, 1.8080
99.767594, 1.8080
99.812665, 39.2740
99.854105, 35.3982
99.894097, 31.5224
99.934904, 27.6466
99.974513, 23.3339
99.990234, 19.0664
100.010713, 14.8441
100.055543, 10.6669
100.098763, 6.5350
100.142899, 2.8852
100.186129, -1.2015
100.225357, -5.2431
100.268195, -9.2394
100.308770, -13.1905
100.320558, -16.6595
100.341459, 0.1055
100.385324, 38.0235
100.426935, 34.1628
100.468043, 30.3472
100.513074, 26.3358
100.552975, 22.3244
100.563667, 18.3131
100.584206, 14.3017
100.629478, 14.3017
100.670275, 14.3017
100.711292, 14.3017
100.757098, 14.3017
100.798498, 14.3017
100.841849, -6.6794
100.881810, -6.6794
100.895218, -6.6794
100.915174, -6.6794
100.960607, -6.6794
101.002792, 37.3409
101.048285, 37.3409
101.091465, 64.9490
101.136355, 64.9490
101.180099, 64.9490
101.218833, 64.9490
101.261863, 64.9490
101.300346, 64.9490
101.312919, 64.9490
101.335439, 64.9490
101.380138, 64.9490
101.421689, -0.9087
101.465402, -15.1919
101.508411, -29.4751
101.549228, -22.2992
101.591895, -32.0739
101.633365, -32.0739
101.644399, -32.0739
101.664959, 0.6971
101.708290, 131.8247
101.751570, 118.1595
101.792890, 104.4942
101.838514, 90.8290
101.879260, 90.8290
101.921807, 90.8290
101.961688, 90.8290
101.975840, 90.8290
101.996872, 90.8290
102.041893, 90.8290
102.085827, 90.8290
102.130245, 90.8290
102.153278, 90.8290
102.196177, 90.8290
102.216927, 90.8290
102.262038, 90.8290
102.304193, 117.6442
102.344305, 117.6442
102.386490, 117.6442
102.426833, 76.9212
102.440653, 76.9212
102.482948, 76.9212
102.505801, 76.9212
102.553286, 76.9212
102.570415, 76.9212
102.593328, 76.9212
102.637615, 76.9212
102.680443, 76.9212
102.725524, 76.9212
102.767839, 76.9212
102.807378, 76.9212
102.851655, 76.9212
102.896143, 76.9212
102.939263, 76.9212
102.979254, 49.7726
102.988136, 49.7726
103.010495, 49.7726
103.051252, 49.7726
103.094935, 49.7726
103.134846, 49.7726
103.143395, 49.7726
103.166872, 49.7726
103.212677, 49.7726
103.234423, 49.7726
103.277342, 49.7726
103.299359, 49.7726
103.345185, 49.7726
103.386313, 0.6971
103.426003, 0.6971
103.468982, 0.6971
103.508380, 0.6971
103.519253, 0.6971
103.541824, 0.6971
103.585698, 0.6971
103.628597, 0.6971
103.667533, 0.6971
103.711165, 0.6971
103.752988, 0.6971
103.762000, 0.6971
103.784973, 0.6971
103.830859, 0.6971
103.850392, 0.6971
103.894961, 0.6971
103.936934, 0.6971
103.975537, 98.1527
104.018929, 98.1527
104.060781, 98.1527
104.071343, 98.1527
104.115136, 98.1527
104.160831, 98.1527
104.201416, 98.1527
104.245059, 10.6050
104.356988, -2.5905
104.427325, -15.7861
104.448931, -28.9816
104.469500, -42.1772
104.514128, -54.9307
104.556977, 2.2043
104.600620, 2.1586
104.645007, 2.1129
104.689655, 136.1773
104.711130, 122.2581
104.755738, 200.0000
104.799975, 200.0000
104.846404, 186.8638
104.868230, 158.6342
104.910867, 130.8867
104.933941, 103.1392
104.976347, 75.3918
105.018913, 47.6443
105.059096, 19.8969
105.100587, -7.6067
105.140578, -35.3084
105.153614, -63.0102
105.197186, -90.7119
105.242962, -44.4218
105.285518, -58.2501
105.330127, 1.9135
105.373076, 1.9587
105.396099, 2.0039
105.440114, 1.8080
105.482349, 1.8080
105.521777, 1.8080
105.563660, 1.8080
105.607172, 1.8080
105.615943, 1.8080
105.638735, 1.8080
105.683253, 1.8080
105.726343, 1.8080
105.771786, 1.8080
105.810883, 1.8080
105.859394, 129.3651
105.900934, 116.1695
105.944959, 102.9739
105.987677, 89.7784
