0.037236, 0.0000
0.103299, 0.0000
0.146740, 0.0000
0.182216, 0.0000
0.193501, 0.0000
0.230335, 0.0000
0.385816, 0.0000
0.483230, 0.0000
0.522055, 0.0000
0.554151, 0.0000
0.599383, 0.0000
0.620264, 0.0000
0.662147, 0.0000
0.707711, 0.0000
0.749755, 0.0000
0.797622, 0.0000
0.853978, 0.0000
0.868080, 0.0000
0.917245, 0.0000
0.941958, 0.0000
0.997047, 0.0000
1.042662, 0.0000
1.087361, 0.0000
1.133901, 0.0000
1.175009, 12.4552
1.219899, 11.9768
1.258281, 11.9768
1.271065, 11.9768
1.308361, 11.9768
1.351843, 11.9768
1.389632, 11.9768
1.407265, 11.9768
1.450907, 11.9768
1.534019, 11.9768
1.571365, 11.9768
1.588887, 11.9768
1.608672, 11.9768
1.655915, 10.9098
1.676454, 11.0202
1.724111, 11.1306
1.744549, 11.2409
1.813257, 11.3513
1.859626, 8.9042
1.878374, 9.2792
1.922420, 9.6541
1.966294, 10.0291
2.009836, 10.4040
2.056869, 10.7790
2.102805, 11.1539
2.146337, 11.5289
2.187204, 11.9038
2.231994, 12.2788
2.274600, 12.0650
2.305007, 11.2626
2.349746, 11.6375
2.390713, 12.0125
2.429055, 12.3874
2.440974, 11.3513
2.463435, 11.4617
2.511252, 9.0146
2.532616, 9.3896
2.577727, 9.7645
2.599302, 10.1395
2.647290, 7.9569
2.666954, 8.5964
2.712930, 9.2360
2.734505, 9.8755
2.792773, 7.9575
2.839926, 8.2729
2.878590, 9.0666
2.891837, 9.8603
2.914840, 10.6540
2.951483, 11.4477
2.998354, 12.2414
3.036485, 11.6241
3.050828, 12.1532
3.093345, 12.6823
3.116348, 13.2115
3.154891, 12.3296
3.201109, 12.5942
3.236746, 12.8587
3.253231, 13.1233
3.335910, 11.9768
3.372321, 11.9768
3.386423, 11.9768
3.408390, 11.9768
3.447929, 11.9768
3.494922, 11.9768
3.531514, 11.9768
3.544348, 11.9768
3.566416, 11.9768
3.601469, 11.9768
3.610542, 11.9768
3.632328, 11.9768
3.674201, 11.9768
3.718698, 11.9768
3.755431, 11.9768
3.766767, 11.9768
3.791430, 11.9768
3.828374, 11.9768
3.874612, 11.9768
3.922771, 11.9768
3.953841, 11.9768
3.994939, 11.9768
4.015227, 11.9768
4.061062, 11.9768
4.098791, 11.9768
4.144315, 11.9768
4.182375, 11.9768
4.192705, 11.9768
4.238410, 11.9768
4.276913, 11.9768
4.324831, 11.9768
4.362177, 11.6258
4.374277, 11.3111
4.415788, 11.0327
4.459380, 10.7906
4.496375, 10.5848
4.508736, 10.4154
4.531931, 10.2822
4.569710, 10.1854
4.615103, 10.1249
4.653244, 10.1006
4.667657, 10.1128
4.690520, 10.1612
4.728862, 10.2459
4.772062, 10.3669
4.808202, 10.8753
4.824315, 11.1900
4.862235, 11.4684
4.908925, 11.7105
4.950959, 12.2628
4.995960, 11.3294
5.036132, 11.8836
5.048635, 12.3656
5.088395, 13.1175
5.138496, 13.7619
5.183587, 12.9035
5.251088, 11.3564
5.293574, 12.0419
5.338806, 11.5802
5.364344, 12.1582
5.415994, 12.8222
5.438313, 13.4150
5.493080, 13.9366
5.520388, 14.3870
5.572822, 14.9573
5.587326, 14.7124
5.632126, 14.7236
5.674250, 14.7349
5.722449, 14.5884
5.762994, 14.5131
5.803036, 13.7392
5.812049, 12.4920
5.834066, 12.2667
5.873122, 11.5390
5.920205, 11.3486
5.959443, 11.2295
5.998519, 11.1815
6.015005, 11.2048
6.057008, 11.2993
6.097271, 11.4650
6.141417, 11.7020
6.179116, 11.8215
6.195430, 11.9768
6.218001, 11.9768
6.256786, 11.9768
6.304744, 11.9768
6.341547, 11.9768
6.352400, 11.9768
6.393337, 11.9768
6.439504, 11.9768
6.477977, 11.9768
6.524326, 9.7995
6.560345, 10.0247
6.576056, 10.2500
6.613633, 10.4752
6.653907, 11.0470
6.692269, 11.5829
6.712687, 12.4250
6.735077, 13.1958
6.779142, 13.8955
6.820462, 14.5239
6.869235, 12.2152
6.890870, 12.9976
6.927794, 13.7088
6.975420, 14.3488
7.012625, 14.9175
7.025741, 14.2138
7.063752, 14.4148
7.109195, 14.5446
7.160070, 14.6032
7.182610, 14.7817
7.228315, 14.9248
7.250383, 15.2213
7.294559, 15.5178
7.318629, 15.8142
7.362563, 16.1107
7.405462, 14.8260
7.445041, 14.8260
7.490897, 14.4840
7.529159, 14.1773
7.542868, 13.9060
7.563920, 13.6701
7.601920, 13.4696
7.652262, 13.3045
7.689598, 13.1747
7.738351, 10.5565
7.776210, 10.7586
7.789386, 10.9961
7.811897, 11.2690
7.856908, 11.5773
7.878332, 11.9209
7.935875, 12.3000
7.947010, 12.7144
7.992634, 12.9755
8.013998, 13.2366
8.052340, 13.4976
8.097834, 13.7587
8.137443, 14.0198
8.146445, 14.2809
8.183480, 14.5420
8.192915, 13.4106
8.278058, 13.4106
8.313664, 13.4106
8.328822, 13.4106
8.365927, 13.7527
8.410345, 14.0593
8.449099, 14.3306
8.462205, 14.5665
8.484213, 14.7670
8.523671, 14.9322
8.565443, 15.0619
8.604781, 15.1563
8.620774, 15.2153
8.641595, 15.2388
8.683588, 15.2270
8.732230, 15.1799
8.777050, 15.0973
8.816830, 14.9794
8.855806, 14.8260
8.865391, 14.8260
8.911790, 14.8260
8.932490, 14.8260
8.973719, 14.8260
9.017795, 14.8260
9.058380, 14.8260
9.067000, 14.4840
9.106338, 14.1773
9.153370, 13.9060
9.197063, 13.6701
9.241491, 13.4696
9.280255, 13.3045
9.293542, 13.1747
9.330728, 13.0804
9.374673, 13.0214
9.409454, 12.9978
9.429118, 13.0096
9.465821, 13.3988
9.515318, 13.7881
9.550562, 14.1773
9.564663, 14.5665
9.583764, 15.1047
9.621402, 15.5726
9.663375, 15.6325
9.702744, 15.6570
9.720838, 15.3041
9.743600, 14.9511
9.783813, 14.5982
9.831208, 14.2452
9.867679, 13.8923
9.936961, 13.5393
9.975072, 13.1864
9.991406, 13.0221
10.011030, 12.8933
10.051484, 12.7998
10.094343, 12.7418
10.135672, 13.2474
10.145057, 13.7881
10.189725, 11.6865
10.233338, 12.3334
10.271972, 12.7916
10.322837, 10.7236
10.363492, 11.0266
10.408885, 11.6717
10.457759, 11.9393
10.500939, 12.2070
10.539895, 12.8167
10.551391, 13.3910
10.595135, 13.9299
10.638385, 14.4335
10.675189, 15.2393
10.684311, 16.1636
10.707093, 17.0529
10.744591, 16.5331
10.786594, 17.0948
10.825147, 17.6217
10.841673, 16.7394
10.865531, 16.7500
10.913258, 16.8790
10.932912, 16.7843
10.975328, 16.6193
11.019986, 16.5727
11.066094, 16.4912
11.106256, 16.3748
11.155602, 13.3949
11.198189, 13.0077
11.244729, 12.6909
11.288673, 12.4444
11.327810, 12.2682
11.368184, 12.1623
11.407230, 12.1268
11.425164, 12.1615
11.470638, 11.2135
11.493973, 11.4978
11.537485, 11.8525
11.577487, 12.2775
11.623091, 12.7728
11.669953, 13.3384
11.710095, 13.9744
11.753507, 13.1201
11.796858, 13.2290
11.807470, 13.3380
11.830443, 13.4469
11.865808, 13.5559
11.916220, 11.1410
11.951675, 11.5110
11.965163, 11.8811
11.986749, 11.6701
12.024377, 11.9311
12.070393, 12.1922
12.108142, 12.4533
12.122032, 12.7144
12.159882, 12.9755
12.207538, 13.2366
12.245619, 13.4976
12.256834, 13.7587
12.281195, 14.0198
12.325159, 11.3769
12.368189, 11.9384
12.410524, 11.1075
12.458432, 11.4079
12.498615, 11.7083
12.548524, 12.0087
12.588948, 12.3091
12.633717, 12.6095
12.674806, 12.9099
12.686423, 13.2103
12.706278, 13.5108
12.746944, 13.8112
12.792679, 14.1116
12.832137, 14.4120
12.878385, 12.1886
12.923738, 11.1479
12.974673, 11.4090
13.012734, 11.6701
13.059384, 9.7824
13.094618, 10.6078
13.111063, 11.3978
13.133916, 12.1525
13.179068, 10.0059
13.202996, 10.9863
13.246438, 10.5360
13.268013, 11.5899
13.302563, 12.6084
13.313325, 13.9293
13.335102, 15.1798
13.374530, 14.9676
13.422216, 15.8164
13.461172, 16.2572
13.502532, 16.6626
13.542322, 16.1848
13.558868, 16.4509
13.581469, 17.0547
13.616492, 17.6236
13.627969, 16.5764
13.665768, 16.7790
13.710537, 16.1768
13.747602, 15.8275
13.761231, 15.4781
13.783902, 15.3151
13.820947, 15.1870
13.863745, 15.0938
13.901926, 15.0356
13.917949, 14.8260
13.964036, 14.6164
14.001694, 14.2511
14.043195, 13.7697
14.080581, 13.5101
14.099602, 13.3208
14.137572, 13.2018
14.181697, 13.1531
14.218973, 13.1747
14.231667, 13.0804
14.276145, 13.0214
14.316348, 12.9978
14.360554, 13.0096
14.396663, 13.0568
14.413108, 13.1393
14.435750, 13.2573
14.473388, 13.4106
14.515854, 13.4106
14.554477, 13.4106
14.570128, 13.0641
14.616406, 12.7535
14.658893, 9.9212
14.703380, 9.9468
14.741179, 10.0082
14.749910, 10.1055
14.790173, 10.2386
14.836733, 10.4076
14.877922, 10.6125
14.926171, 10.8531
14.964011, 11.1296
14.975336, 11.4420
15.012743, 11.7902
15.058850, 12.1743
15.096096, 12.5942
15.110107, 12.8587
15.132939, 13.1233
15.170688, 11.9768
15.216182, 11.9768
15.251315, 11.9768
15.267399, 11.9768
15.289808, 11.9768
15.331420, 11.9768
15.376360, 11.9768
15.413556, 11.9768
15.425253, 11.9768
15.462127, 11.9768
15.510467, 11.9768
15.547109, 11.9768
15.560970, 11.9768
15.583410, 11.9768
15.620635, 11.6258
15.666350, 11.3111
15.705970, 11.3837
15.716903, 11.4563
15.755628, 11.1779
15.799331, 10.9359
15.834676, 10.7301
15.853867, 10.2050
15.896766, 8.2823
15.941485, 8.0556
15.980571, 7.9019
16.025854, 8.1770
16.064809, 8.4884
16.076064, 9.1871
16.113230, 9.8859
16.158884, 10.3910
16.195617, 10.8597
16.214165, 11.4858
16.234281, 12.1120
16.271738, 12.1934
16.318570, 12.2748
16.356600, 12.7072
16.369897, 12.9072
16.415029, 12.2226
16.436744, 12.1242
16.472673, 11.9526
16.520711, 9.3467
16.555422, 9.8731
16.594328, 10.5209
16.615993, 11.1329
16.659344, 11.7091
16.694659, 12.5914
16.705904, 13.4026
16.741008, 14.1425
16.751569, 14.6175
16.789680, 14.9850
16.833916, 15.0965
16.868708, 15.1722
16.887667, 15.2120
16.907563, 15.5581
16.944698, 15.8329
16.994889, 11.0425
17.031722, 8.2261
17.042505, 5.3732
17.067147, 2.8556
17.103951, 0.6732
17.153840, -0.9852
17.188993, -2.2730
17.200088, -3.1901
17.242232, -3.7365
17.289556, -3.9123
17.323966, -3.9062
17.335080, -3.5648
17.357741, -2.8881
17.392292, -1.6875
17.402893, -0.1162
17.438278, -0.1510
17.449412, 0.0000
17.486286, 0.0000
17.532806, 0.0000
17.567104, 0.0000
17.583691, 0.0000
17.605940, 0.0000
17.640862, 0.0000
17.649613, 0.0000
17.684535, 0.0000
17.695911, 0.0000
17.739262, 0.0000
17.784494, 0.0000
17.828801, 0.0000
17.867908, 0.0000
17.907779, 0.0000
17.919235, 0.0000
17.957104, 0.0000
18.006189, 0.0000
18.043455, 0.0000
18.056812, 0.0000
18.076778, 0.0000
18.116880, 0.0000
18.164184, 0.0000
18.200625, 0.0000
18.213943, 0.0000
18.234130, 0.0000
18.272271, 0.0000
18.319454, 0.0000
18.356750, 0.0000
18.376837, 0.0000
18.414304, 0.0000
18.455030, 0.0000
18.492487, 0.0000
18.505703, 0.0000
18.542899, 0.0000
18.587779, 0.0000
18.626916, 0.0000
18.640806, 0.0000
18.663196, 0.0000
18.704284, 0.0000
18.749265, 0.0000
18.785877, 0.0000
18.796720, 0.0000
18.836611, 0.0000
18.883704, 0.0000
18.921593, 0.0000
18.933170, 11.7072
18.955047, 11.8118
18.996427, 12.0049
19.040754, 12.1248
19.078110, 12.1716
19.089838, 12.3416
19.112932, 12.4752
19.157209, 9.8188
19.201465, 10.1076
19.238469, 10.3600
19.287252, 7.6818
19.324337, 6.3588
19.338056, 4.0938
19.360054, 2.0919
19.400347, 0.5467
19.445720, -0.6990
19.482805, -1.6453
19.494352, -2.2921
19.533066, -2.6396
19.580602, -2.6876
19.616721, -2.4362
19.630974, -1.8854
19.653746, -2.4462
19.695166, -1.5611
19.738376, -0.3766
19.773369, -0.4896
19.787149, 0.0000
19.808462, 0.0000
19.844913, 0.0000
19.855807, 0.0000
19.899138, 0.0000
19.943595, 0.0000
19.986323, 0.0000
20.030650, 0.0000
20.067594, 0.0000
20.078708, 0.0000
20.116507, 0.0000
20.161548, 0.0000
20.198231, 0.0000
20.213791, 0.0000
20.235567, 0.0000
20.273497, 0.0000
20.320439, 0.0000
20.357323, 0.0000
20.370238, 0.0000
20.406649, 0.0000
20.443673, 0.0000
20.462683, 0.0000
20.485083, 0.0000
20.520518, 0.0000
20.573274, 0.0000
20.609735, 0.0000
20.620216, 0.0000
20.657854, 0.0000
20.703106, 0.0000
20.740262, 0.0000
20.753297, 0.0000
20.790684, 0.0000
20.866212, 0.0000
20.905741, 0.0000
20.953025, 0.0000
20.991377, 0.0000
21.002853, 0.0000
21.046144, 0.0000
21.068645, 0.0000
21.105498, 0.0000
21.150791, 0.0000
21.187805, 0.0000
21.203204, 0.0000
21.240541, 0.0000
21.284566, 0.0000
21.322123, 0.0000
21.337221, 0.0000
21.384575, 0.0000
21.419337, 0.0000
21.487431, 0.0000
21.522102, 0.0000
21.540730, 0.0000
21.562748, 6.0505
21.600386, 6.0505
21.648243, 6.0505
21.685600, 6.0505
21.698635, 6.0505
21.736323, 6.0505
21.784342, 6.0505
21.819697, 6.0505
21.833517, 6.0505
21.856661, 6.0505
21.891281, 6.0505
21.944610, 4.5883
21.980508, 5.1047
21.989229, 5.5834
22.036302, 6.0243
22.057877, 6.4274
22.093574, 7.1530
22.102214, 7.4433
22.138061, 7.3306
22.149558, 7.2180
22.192628, 5.6431
22.235757, 4.2195
22.273637, 2.9471
22.282126, 1.8260
22.304114, 0.8562
22.342918, 0.0377
22.389991, -1.4364
22.426935, -1.9022
22.439297, -2.1790
22.482316, -2.2667
22.519109, -2.1655
22.530385, -1.6763
22.575577, -1.1597
22.599395, -0.6555
22.644033, 0.0000
22.666001, 0.0000
22.709110, 0.0000
22.752592, 0.0000
22.790170, 0.0000
22.801697, 0.0000
22.884215, 0.0000
22.921008, 0.0000
22.934758, 0.3369
22.957067, 0.6390
22.994454, 0.6390
23.038710, 0.6390
23.074055, 0.6390
23.092995, 0.6390
23.114751, 0.6390
23.157187, 0.6390
23.201554, 0.6390
23.236587, 0.6390
23.250467, 0.6390
23.294432, 0.6390
23.318894, 0.6390
23.354329, 0.6390
23.396192, 0.6390
23.431496, 0.6390
23.452558, 0.6390
23.495125, 0.6390
23.529283, 0.6390
23.563783, 0.6390
23.609055, 0.6390
23.647578, 0.6390
23.694852, 0.6390
23.730539, 0.6390
23.766759, 6.2747
23.809376, 4.5307
23.846531, 1.9675
23.857545, 0.6113
23.879563, -0.5185
23.921284, -1.4220
23.968498, -2.0992
24.002736, -2.5501
24.039630, -2.5785
24.059827, -2.5399
24.082297, -2.2751
24.119704, -2.2751
24.165258, -1.0664
24.201619, 0.3956
24.218235, 1.3600
24.238573, 1.2116
24.278374, 1.0633
24.326895, 0.9149
24.363396, 0.7665
24.374008, 0.6182
24.411827, 0.4698
24.454605, 0.3215
24.492313, 0.1731
24.510479, 0.0247
24.532597, 0.0247
24.571512, 0.0247
24.617670, 0.0247
24.654855, 0.0247
24.668514, 0.0247
24.688601, 0.0247
24.724821, 0.0247
24.733551, 0.0247
24.756112, 0.0247
24.794384, 0.0247
24.838389, 0.0247
24.875172, 0.0247
24.891285, 0.0247
24.913665, 0.0000
24.951172, 0.0000
24.999402, 0.0000
25.038790, 0.0000
25.050689, 0.0000
25.131024, 0.0000
25.167013, 0.0000
25.183780, 0.0000
25.206793, 0.0000
25.243979, 0.0000
25.291132, 0.0000
25.326075, 0.0000
25.341756, 0.0000
25.364346, 0.0000
25.402699, 0.0000
25.450938, 0.0000
25.486736, 0.0000
25.498232, 0.0000
25.537037, 0.0000
25.580469, 0.0000
25.618650, 0.0000
25.635809, 0.0000
25.656308, 0.0000
25.699036, 0.0000
25.743695, 0.0000
25.780508, 0.0000
25.815169, 0.0000
25.836482, 0.0000
25.858912, 0.0000
25.893724, 0.0000
25.905392, 0.0000
25.925146, 10.9290
25.963408, 10.9535
26.007352, 10.9413
26.046429, 10.8922
26.062251, 10.8064
26.084268, 10.6837
26.120277, 10.1687
26.163065, 9.1243
26.200220, 6.7295
26.218546, 4.5979
26.240524, 2.7294
26.277377, 1.1240
26.352341, -0.2183
26.390412, -1.2975
26.430897, -2.1136
26.468907, -2.6666
26.488289, -2.9565
26.510327, -2.9833
26.547180, -2.7469
26.598377, -2.2475
26.635311, -1.1480
26.646556, -0.3534
26.684144, 0.2672
26.731579, 0.2324
26.768775, 0.1975
26.780221, 0.1626
26.817778, 0.1278
26.869126, 0.0929
26.906915, 0.0581
27.020262, 0.0232
27.057829, -0.0116
27.074315, -0.0465
27.117455, -0.0465
27.154731, -0.0465
27.202206, -0.0465
27.237018, -0.0465
27.253423, -0.0465
27.288798, -0.0465
27.340055, -0.0465
27.377079, -0.0465
27.388516, -0.0465
27.410704, -0.0465
27.451953, -0.0465
27.498815, -0.0465
27.536302, 10.0514
27.585236, 10.0514
27.623377, 10.0514
27.634380, 10.0514
27.658430, 10.0514
27.695515, 10.0514
27.742557, 10.0514
27.780638, 10.0514
27.791591, 10.0514
27.830708, 10.0514
27.866405, 10.0514
27.882468, 10.0514
27.904113, 10.0514
27.941500, 13.1149
27.987295, 10.7947
28.022962, 10.8725
28.039116, 9.7064
28.083976, 9.6805
28.121503, 9.6805
28.170648, 7.0852
28.207743, 5.1159
28.219239, 3.0380
28.256978, 1.4168
28.298569, 0.0950
28.333049, -0.9273
28.354322, -0.9273
28.396728, -2.0737
28.441608, -2.1978
28.476711, -2.0224
28.490642, -2.9586
28.513756, -2.6427
28.550539, -2.0636
28.598799, -1.2215
28.636940, -0.1162
28.648477, -0.1510
28.686336, 0.0000
28.729154, 0.0000
28.764378, 0.0000
28.783197, 0.0000
28.805134, 0.0000
28.891827, 0.0000
28.926930, 0.0000
28.940620, 0.0000
28.962074, 0.0000
29.001412, 0.0000
29.049752, 0.0000
29.084775, 0.0000
29.098263, 0.0000
29.142087, 0.0000
29.162546, 0.0000
29.196995, 0.0000
29.207466, 0.0000
29.249469, 0.0000
29.284070, 0.0000
29.299026, 0.0000
29.344510, 0.0000
29.387439, 0.0000
29.425771, 0.0000
29.471295, 0.0000
29.510673, 0.0000
29.524493, 0.0000
29.562141, 0.0000
29.607081, 0.0000
29.644227, 0.0000
29.660300, 0.0000
29.682991, 0.0000
29.725930, 0.0000
29.769412, 0.0000
29.807593, 0.0000
29.816384, 11.3178
29.838673, 10.7570
29.877368, 11.1037
29.922127, 11.1037
29.959755, 11.5778
29.973334, 11.5504
30.010992, 11.5230
30.052110, 10.4145
30.090191, 7.9555
30.109754, 5.7597
30.132566, 5.7597
30.169541, 2.3511
30.214189, -0.4224
30.251727, -1.5989
30.265376, -2.4760
30.308767, -3.0536
30.346436, -3.3319
30.355046, -3.3107
30.379849, -2.9901
30.417115, -2.3701
30.463735, -1.6443
30.501846, -1.6443
30.515415, 0.0000
30.535381, 0.0000
30.574256, 0.0000
30.621298, 0.0000
30.659711, 0.0000
30.673008, 0.0000
30.717174, 0.0000
30.740378, 0.0000
30.782915, 0.0000
30.806321, 0.0000
30.843094, 0.0000
30.885017, 0.0000
30.922232, 0.0000
30.946332, 0.0000
30.985549, 0.0000
31.009609, 0.0000
31.055444, 0.0000
31.074575, 0.0000
31.113008, 0.0000
31.156922, 0.0000
31.193585, 0.0000
31.209949, 0.0000
31.232701, 0.0000
31.279231, 0.0000
31.300585, 0.0000
31.338887, 0.0000
31.383837, 0.0000
31.420691, 0.0000
31.436653, 0.0000
31.456287, 0.0000
31.494699, 0.0000
31.539429, 0.0000
31.574009, 0.0000
31.593432, 0.0000
31.615379, 0.0000
31.652242, 0.0000
31.700472, 0.0000
31.735555, 0.0000
31.751316, 0.0000
31.836922, 0.0000
31.871644, 0.0000
31.885403, 9.8293
31.907280, 10.1776
31.944415, 10.8029
31.992524, 9.1405
32.029609, 9.7702
32.043841, 10.4884
32.066372, 10.4884
32.110287, 11.7054
32.132183, 12.2043
32.169510, 12.6300
32.220314, 9.5983
32.257811, 10.0730
32.266602, 10.5114
32.312247, 8.3560
32.336035, 8.9863
32.373703, 9.5803
32.421621, 10.1380
32.460486, 10.8530
32.471137, 10.3668
32.509047, 10.3668
32.556703, 11.3464
32.595508, 11.8362
32.604229, 12.3260
32.643194, 12.8158
32.690438, 12.9546
32.725069, 11.9284
32.738939, 11.9146
32.763673, 11.9371
32.800104, 10.9359
32.847016, 11.0811
32.884121, 11.2264
32.920743, 11.3716
32.942117, 11.5169
32.964899, 11.6621
33.003462, 11.8074
33.047598, 11.9526
33.085125, 12.0979
33.098342, 12.2431
33.135547, 12.3884
33.144137, 12.6865
33.184159, 12.9124
33.231353, 13.0661
33.268769, 13.1478
33.284340, 13.3509
33.301127, 13.5181
33.339992, 13.6496
33.385033, 13.7452
33.422028, 13.8049
33.438282, 13.8288
33.461215, 14.1589
33.502262, 11.5519
33.546559, 12.0360
33.585696, 12.1069
33.627176, 12.1419
33.665146, 12.3322
33.684498, 12.5225
33.706194, 12.7128
33.745864, 12.9031
33.792645, 13.0934
33.830484, 13.2837
33.841951, 13.4741
33.887786, 13.6644
33.908195, 13.8547
33.948257, 14.0450
33.993016, 14.4240
34.030202, 13.2573
34.066784, 13.4106
34.088178, 13.4106
34.113665, 13.4106
34.157117, 13.4106
34.180211, 13.4106
34.223291, 13.0641
34.267396, 13.1000
34.305758, 13.1358
34.349844, 13.1717
34.388860, 13.2075
34.404963, 13.2433
34.424969, 13.2792
34.465243, 13.3150
34.511913, 13.3509
34.550517, 13.3867
34.561651, 13.4226
34.583639, 13.4584
34.627935, 10.9704
34.669939, 11.2674
34.707557, 11.9063
34.745728, 11.9767
34.764647, 12.2024
34.786876, 12.4281
34.830419, 12.9959
34.874212, 13.5282
34.913430, 14.0252
34.959235, 14.4868
34.999629, 14.9130
35.008048, 15.3039
35.053008, 15.9970
35.091089, 16.6198
35.140988, 15.0791
35.177812, 14.3853
35.189570, 14.7527
35.211286, 15.2384
35.249064, 15.5005
35.293401, 16.0257
35.327962, 16.4460
35.344568, 16.9503
35.369181, 17.3851
35.412662, 15.3239
35.436108, 15.8709
35.470417, 16.3485
35.481381, 16.7567
35.517299, 17.2818
35.568063, 14.6104
35.605258, 13.9053
35.615810, 13.8008
35.637093, 13.3892
35.675254, 12.3503
35.722508, 10.0028
35.757028, 7.3766
35.773353, 4.8186
35.794938, 2.7008
35.832666, 1.0230
35.877134, -1.5535
35.914138, -2.6022
35.930553, -3.2108
35.967266, -3.3793
36.016079, -3.1077
36.053214, -4.1406
36.066360, -3.4999
36.086407, -2.6399
36.125966, -1.5981
36.173602, -0.6058
36.210898, -0.1510
36.221861, 0.0000
36.260425, 0.0000
36.305556, 1.8274
36.345196, 5.2213
36.358433, 8.5822
36.378600, 11.8711
36.416177, 15.0490
36.462647, 14.9969
36.500194, 17.5117
36.515674, 19.5523
36.538526, 19.5523
36.581827, 19.5523
36.603141, 19.5523
36.641473, 19.5523
36.685860, 19.5523
36.723408, 19.5523
36.739109, 19.5523
36.758934, 19.5523
36.797869, 19.5523
36.845908, 19.5523
36.882329, 19.5523
36.893141, 19.5523
36.931715, 19.5523
36.981765, 19.5523
37.019433, 19.5523
37.066586, 19.5523
37.107353, 21.7286
37.146268, 21.5190
37.160319, 21.4534
37.205280, 21.3878
37.241279, 21.4971
37.252373, 21.9564
37.294980, 22.2407
37.337194, 22.4922
37.374088, 22.7109
37.384740, 22.8968
37.409131, 23.3631
37.452834, 20.7988
37.473112, 20.8111
37.510147, 20.8235
37.582637, 20.5147
37.617227, 18.9137
37.631047, 16.4435
37.668182, 14.2511
37.719982, 13.0341
37.754442, 9.1189
37.789556, 5.5478
37.810054, 2.5505
37.853898, 0.1271
37.891084, -1.7226
37.902007, -2.9986
37.985059, -3.5279
38.019418, -5.0871
38.035330, -5.0586
38.057056, -4.4891
38.094774, -3.5557
38.141887, -2.8459
38.178721, -2.3390
38.192802, -1.5690
38.217224, -0.1510
38.260726, 0.0000
38.283126, 2.1877
38.320442, 4.8558
38.366861, 8.2507
38.404529, 11.5735
38.418379, 14.4562
38.441353, 17.2280
38.478830, 19.5257
38.523559, 21.6744
38.559266, 23.6363
38.573015, 23.6363
38.609939, 23.6363
38.660533, 23.6363
38.699599, 23.6363
38.746259, 23.6363
38.783656, 23.6363
38.797366, 23.6363
38.835879, 23.6363
38.881765, 23.6363
38.922078, 23.6363
38.930427, 23.6363
38.972832, 23.6363
39.012623, 23.6363
39.055089, 23.6363
39.094688, 23.6363
39.110943, 23.1076
39.130637, 23.0461
39.172057, 22.2626
39.216726, 22.0658
39.256204, 21.8689
39.294677, 21.6721
39.311002, 20.4999
39.332939, 20.0829
39.377417, 17.8600
39.417740, 14.8445
39.454473, 11.4785
39.466945, 8.1983
39.490774, 4.7006
39.535865, 1.7766
39.578100, -0.7485
39.616311, -2.7326
39.625042, -4.1757
39.663122, -5.0779
39.707942, -5.4391
39.746254, -5.2593
39.759843, -4.5385
39.784073, -3.8149
39.826489, -2.2901
39.868110, -1.3689
39.906472, -0.7369
39.917305, -0.3215
39.958997, 0.0000
39.998878, 0.0000
40.036274, 0.0000
40.051613, 0.0000
40.091635, 0.0000
40.135157, 0.0000
40.174334, 0.0000
40.186012, 0.0000
40.228820, 0.0000
40.269365, 0.0000
40.312626, 0.0000
40.350676, 0.0000
40.369345, 0.0000
40.388988, 0.0000
40.425651, 0.0000
40.477028, 0.0000
40.514154, 0.0000
40.522934, 0.0000
40.560874, 0.0000
40.611105, 0.0000
40.648844, 0.0000
40.659979, 0.0000
40.681986, 0.0000
40.721596, 0.0000
40.765470, 0.0000
40.801790, 0.0000
40.818175, 0.0000
40.841108, 0.0000
40.879360, 0.0000
40.926392, 0.0000
40.963970, 0.0000
40.975185, 0.0000
41.012461, 0.0000
41.057060, 0.0000
41.095009, 0.0000
41.108477, 0.0000
41.132959, 0.0000
41.170879, 0.0000
41.218435, 0.0000
41.256465, 0.0000
41.267640, 0.0000
41.310106, 0.0000
41.356887, 0.0000
41.392855, 0.0000
41.401586, 0.0000
41.439385, 0.0000
41.484235, 0.0000
41.521420, 0.0000
41.537896, 0.0000
41.560617, 0.0000
41.604190, 0.0000
41.644343, 0.0000
41.682111, 0.0000
41.693427, 0.0000
41.732141, 0.0000
41.776599, 0.0000
41.814297, 0.0000
41.827363, 0.0000
41.865414, 0.0000
41.909992, 0.0000
41.947208, 0.0000
41.962909, 0.0000
41.985530, 0.0000
42.020874, 0.0000
42.029293, 0.0000
42.075089, 0.0000
42.098102, 0.0000
42.139431, 0.0000
42.183306, 0.0000
42.219737, 0.0000
42.230841, 0.0000
42.274575, 0.0000
42.312233, 0.0000
42.359788, 15.2722
42.397618, 15.2722
42.411840, 15.7292
42.433948, 15.3377
42.516466, 15.3874
42.552988, 15.8390
42.566788, 16.3247
42.611306, 17.3530
42.648652, 18.5607
42.699758, 15.6478
42.736723, 16.7100
42.748149, 17.9180
42.791611, 18.9466
42.832950, 19.9416
42.877317, 20.9030
42.924128, 20.3101
42.961032, 21.0586
43.005470, 21.7061
43.042605, 21.8824
43.059956, 21.7536
43.082587, 21.7066
43.123755, 18.8713
43.168173, 19.1520
43.205972, 19.5785
43.214602, 18.7001
43.259220, 18.8819
43.282777, 19.3848
43.319681, 19.8544
43.363857, 20.2909
43.399644, 20.6941
43.418292, 20.7431
43.441084, 20.9692
43.483862, 21.2285
43.523109, 21.5210
43.558354, 21.3445
43.572274, 20.5389
43.612658, 17.9968
43.655879, 16.8114
43.690922, 16.1008
43.707156, 14.1152
43.744080, 11.6581
43.793687, 7.8696
43.829535, 4.6221
43.843134, 1.9156
43.885479, -0.2500
43.922665, -2.0517
43.931093, -3.3457
43.969858, -4.1319
44.015201, -4.4103
44.053030, -4.3603
44.066840, -4.2018
44.089129, -3.8241
44.124202, -3.0756
44.137328, -1.7703
44.156650, -0.8192
44.196682, 0.0000
44.243021, 0.0000
44.278778, 0.0000
44.315340, 0.3369
44.357082, 1.0191
44.392236, 4.1510
44.403390, 7.2897
44.440586, 10.3954
44.491098, 10.2670
44.528797, 13.1875
44.539821, 13.1875
44.561899, 13.1875
44.598873, 13.1875
44.645946, 13.1875
44.683111, 13.1875
44.697032, 13.1875
44.738643, 13.1875
44.781119, 13.1875
44.816776, 13.1875
44.830696, 13.1875
44.852674, 13.1875
44.892132, 13.1875
44.936157, 13.1875
44.971361, 13.1875
44.984950, 13.1875
45.030424, 13.1875
45.068716, 13.1875
45.113103, 22.0590
45.151364, 22.4786
45.165607, 22.7972
45.190039, 22.8755
45.233410, 20.2105
45.276238, 18.3333
45.316320, 15.3609
45.361160, 11.7740
45.398285, 7.7598
45.411602, 4.2532
45.435249, 1.2545
45.473179, -1.2365
45.519608, -3.2197
45.557146, -4.6951
45.570694, -5.4857
45.608554, -5.7352
45.645478, -5.4438
45.660937, -4.6113
45.682854, -3.4151
45.765000, -2.2560
45.801230, -1.0664
45.818058, -0.3215
45.838235, 0.3369
45.874364, 1.0191
45.882883, 2.0023
45.906098, 3.2424
45.942871, 5.4125
45.987339, 8.6968
46.022422, 11.9089
46.040829, 15.0102
46.085749, 17.3081
46.124141, 19.8202
46.171244, 19.8202
46.208470, 19.8202
46.222431, 19.8202
46.268367, 19.8202
46.286874, 19.8202
46.324583, 19.8202
46.369563, 19.8202
46.407956, 19.8202
46.423375, 19.8202
46.462995, 19.8202
46.507694, 19.8202
46.546016, 19.8202
46.557110, 19.8202
46.603942, 19.8202
46.646136, 14.3061
46.692947, 14.8610
46.736711, 15.1570
46.759000, 15.4875
46.805761, 13.0240
46.826481, 13.7161
46.872136, 14.2587
46.909100, 13.8452
46.952501, 14.3925
46.997281, 14.9744
47.038832, 15.4067
47.075886, 16.5017
47.095228, 17.0126
47.117699, 17.1206
47.153788, 16.8561
47.198909, 15.9029
47.233610, 15.2073
47.252711, 14.6179
47.290007, 13.4280
47.332041, 11.2124
47.368200, 10.7583
47.386999, 10.4103
47.409691, 10.5150
47.446594, 9.2765
47.566077, 6.4272
47.603021, 3.9834
47.651562, 2.3109
47.687269, 0.9308
47.703322, -0.1932
47.745768, -1.0978
47.780348, -2.0118
47.817735, -2.6263
47.836665, -2.6044
47.859759, -1.9527
47.896894, -0.6213
47.941532, 1.7411
47.976585, 4.5322
47.995837, 8.2484
48.017472, 11.5267
48.056911, 13.6152
48.102415, 14.9910
48.139862, 16.0316
48.150674, 16.7369
48.191028, 16.7604
48.235556, 16.8310
48.273395, 16.5663
48.287336, 15.9664
48.309595, 15.2171
48.351548, 15.2171
48.396247, 15.2171
48.433392, 15.2171
48.444054, 15.2171
48.465700, 15.2171
48.508136, 15.2171
48.553297, 15.2171
48.589759, 15.2171
48.600913, 19.1337
48.689778, 17.6648
48.727688, 18.1802
48.773986, 18.4126
48.811544, 18.2369
48.824479, 18.0259
48.862610, 18.1173
48.906021, 16.5360
48.943508, 16.3750
48.957992, 16.1791
48.982665, 16.2816
49.023854, 13.5229
49.067980, 13.7753
49.106583, 14.1447
49.157700, 12.0534
49.194402, 14.2870
49.205668, 14.2496
49.228188, 15.1386
49.265876, 15.8435
49.309077, 16.3277
49.346262, 16.7425
49.361682, 16.9407
49.408724, 17.1389
49.495457, 17.6705
49.531526, 18.1677
49.540126, 18.8143
49.585639, 18.2498
49.629695, 18.9028
49.670048, 19.1924
49.717071, 17.9418
49.755031, 17.9426
49.766095, 17.9435
49.809879, 17.9444
49.833908, 17.9452
49.877028, 15.8798
49.919071, 16.0944
49.956297, 16.1251
49.967774, 16.1212
50.011517, 16.5961
50.054587, 17.0369
50.092516, 17.4437
50.136029, 18.3231
50.144598, 19.1690
50.185385, 19.7995
50.230164, 20.0373
50.268064, 20.2409
50.281431, 20.4106
50.304585, 20.5461
50.342515, 20.6477
50.389970, 19.2458
50.426985, 18.7703
50.438039, 18.2947
50.461002, 17.8192
50.506244, 17.1919
50.529629, 16.9665
50.572538, 14.3485
50.593379, 14.9510
50.631329, 15.9121
50.678220, 16.8733
50.715496, 17.3300
50.729427, 17.7866
50.766532, 18.2433
50.808274, 18.0373
50.844826, 17.5622
50.863534, 17.0089
50.886246, 16.5250
50.931035, 13.2447
50.954612, 12.5076
50.992099, 12.0738
51.036305, 12.5739
51.074416, 12.1031
51.088618, 12.9017
51.110465, 13.9138
51.147751, 15.3228
51.189946, 16.9112
51.227835, 18.4660
51.243677, 19.6620
51.266248, 20.4924
51.302639, 21.0679
51.313602, 20.8773
51.335539, 20.9852
51.374706, 19.4425
51.421950, 18.7351
51.459498, 18.0783
51.468389, 17.6917
51.505464, 17.1212
51.580408, 17.2478
51.618046, 17.3403
51.665501, 17.5805
51.704115, 17.6707
51.715451, 17.8287
51.758802, 17.8750
51.797265, 17.6219
51.841260, 17.7708
51.878868, 17.5881
51.895202, 17.8841
51.917924, 18.1461
51.961728, 18.3740
51.982800, 18.5679
52.020237, 18.7277
52.065509, 15.9136
52.103077, 13.3164
52.118456, 10.6721
52.163356, 7.6336
52.200904, 4.5159
52.249173, 1.8383
52.286198, -0.3992
52.299415, -2.3807
52.344697, -3.7726
52.365437, -4.3875
52.401235, -4.4155
52.412440, -3.6241
52.435272, -2.8129
52.476269, -1.8993
52.520445, 0.2055
52.556414, 2.3000
52.570505, 4.1931
52.590481, 6.5602
52.628642, 8.3605
52.671752, 9.0306
52.709048, 9.5118
52.725815, 10.1642
52.763142, 10.9460
52.809138, 11.4646
52.846736, 12.6036
52.860415, 13.4421
52.883308, 14.5321
52.920916, 15.1158
52.962054, 15.1158
53.000427, 15.1158
53.018924, 15.1158
53.041173, 15.1158
53.078439, 15.1158
53.125682, 19.0508
53.160675, 19.2337
53.174515, 18.8321
53.212485, 18.4127
53.255555, 18.4127
53.291171, 17.4655
53.310705, 17.1630
53.333336, 16.7902
53.376506, 16.5357
53.400595, 16.2464
53.442277, 13.6500
53.466507, 14.0997
53.504055, 14.5150
53.549740, 15.0798
53.585235, 15.3111
53.601439, 15.5769
53.645344, 14.1443
53.689429, 14.4744
53.726021, 15.1380
53.774039, 13.7007
53.811728, 14.5090
53.825568, 14.9494
53.865650, 15.3898
53.909756, 15.8302
53.947454, 16.2706
53.960641, 15.3546
53.982417, 15.7246
54.020236, 15.7914
54.063235, 15.9277
54.101929, 16.2871
54.114804, 18.8951
54.157421, 19.6918
54.195180, 20.4589
54.206264, 20.9827
54.229026, 20.3323
54.271864, 17.8183
54.295491, 18.1272
54.333300, 18.3677
54.380282, 18.5395
54.416905, 18.6429
54.427828, 18.3484
54.465134, 18.0194
54.511855, 15.0430
54.549463, 15.0041
54.562679, 15.0480
54.606252, 16.2639
54.643498, 16.9712
54.652208, 17.1267
54.689343, 16.8672
54.738227, 13.8454
54.775070, 12.2268
54.788387, 11.9826
54.810314, 11.8771
54.847922, 11.9106
54.892682, 12.4250
54.931134, 13.1989
54.945135, 14.0073
54.990287, 13.5114
55.012254, 14.3194
55.096402, 15.5294
55.132914, 16.7734
55.146432, 17.8699
55.187108, 18.7824
55.233154, 19.4741
55.270541, 18.5151
55.283235, 18.5828
55.302587, 18.5456
55.345013, 18.4037
55.389088, 18.1569
55.427923, 17.9940
55.439400, 17.9480
55.459727, 17.8675
55.497054, 17.7525
55.548019, 15.1764
55.584470, 15.4274
55.595756, 15.6784
55.631965, 15.9295
55.676524, 16.1805
55.713729, 16.4316
55.730476, 16.6826
55.754314, 16.9336
55.796217, 17.1847
55.819361, 17.4357
55.856396, 17.6868
55.899486, 17.9378
55.934498, 18.1888
55.956144, 18.4399
56.001557, 19.0201
56.022991, 18.2275
56.042434, 18.4886
56.080374, 18.7156
56.117911, 18.9086
56.133723, 19.0676
56.156173, 19.1925
56.193600, 19.2833
56.241608, 19.3400
56.278492, 19.3628
56.289274, 19.3514
56.311815, 19.3060
56.349272, 19.2265
56.394635, 19.1130
56.431760, 18.9654
56.445188, 18.9654
56.492271, 18.9654
56.529838, 18.9654
56.573733, 18.6362
56.610787, 18.3410
56.625955, 17.7465
56.664267, 17.5539
56.710052, 17.3954
56.745317, 17.6002
56.762205, 17.8050
56.782201, 18.0097
56.824737, 18.5396
56.867525, 19.0359
56.904278, 19.8196
56.917686, 20.5365
56.940216, 21.5036
56.976848, 22.3711
57.023650, 22.8218
57.060916, 22.7029
57.075359, 22.1913
57.120461, 20.4612
57.142176, 18.9501
57.179563, 17.1663
57.224634, 16.0111
57.262826, 14.9593
57.276294, 14.0110
57.314485, 13.3456
57.358721, 13.1550
57.393805, 13.2437
57.410361, 13.4678
57.432117, 14.3357
57.468517, 15.3373
57.510601, 16.2977
57.521806, 17.1818
57.559646, 17.9542
57.603600, 18.2088
57.641188, 18.7232
57.656185, 18.9453
57.694034, 19.2173
57.738572, 19.3859
57.776150, 19.4509
57.789487, 19.4125
57.814311, 19.4569
57.855631, 17.7438
57.899666, 17.8259
57.937626, 18.0233
57.948438, 18.1866
57.993188, 18.3159
58.015296, 18.4112
58.053246, 18.4724
58.100298, 18.4995
58.139616, 18.6742
58.147633, 19.1740
58.182877, 19.3151
58.220555, 19.7813
58.240712, 20.2139
58.260567, 20.6128
58.296767, 20.9781
58.305739, 20.3780
58.343447, 20.5013
58.385360, 20.5910
58.422727, 20.6470
58.440228, 20.6695
58.462477, 20.6582
58.500055, 20.6134
58.540992, 20.5349
58.579505, 20.4228
58.597902, 20.4564
58.640348, 20.3107
58.677513, 20.3107
58.689080, 20.3107
58.711329, 20.3107
58.753775, 20.3107
58.790548, 20.3107
58.799228, 20.3107
58.837842, 20.3107
58.882984, 20.3107
58.921014, 20.3107
58.934442, 20.3107
58.956158, 20.3107
58.994369, 20.3107
59.039662, 20.3107
59.075208, 20.3107
59.090225, 20.3107
59.112222, 20.3107
59.151037, 20.3107
59.196259, 20.3107
59.233183, 20.3107
59.249588, 20.3107
59.292074, 20.3107
59.315239, 20.3107
59.359777, 20.3107
59.381090, 20.3107
59.416415, 20.3107
59.427137, 20.3107
59.464282, 20.3107
59.507714, 20.3107
59.544437, 20.3107
59.563125, 20.3107
59.583101, 20.3107
59.622670, 20.3107
59.668385, 20.3107
59.705148, 20.3107
59.718254, 20.3107
59.741267, 20.3107
59.823111, 18.2967
59.859492, 18.8261
59.897040, 19.3223
59.918152, 19.7853
59.941508, 20.2151
59.986267, 17.9255
60.007188, 18.2457
60.045027, 18.5658
60.089203, 18.8860
60.127143, 19.2061
60.140923, 19.5263
60.186809, 19.8464
60.224296, 20.1666
60.265555, 20.4867
60.302751, 20.8069
60.322063, 19.6907
60.344100, 19.6882
60.382603, 19.4233
60.428318, 19.2592
60.466480, 19.1961
60.477705, 17.7519
60.517364, 17.4356
60.562285, 17.1870
60.599762, 17.0061
60.613059, 17.2220
60.635157, 17.4717
60.672946, 17.7549
60.717031, 18.3969
60.755353, 18.7138
60.769878, 19.3894
60.808049, 19.8857
60.855514, 20.3483
60.893554, 20.9167
60.905322, 21.3843
60.947366, 20.1043
60.970118, 20.5404
61.007796, 20.5544
61.050816, 20.5008
61.087257, 20.0544
61.106327, 19.4263
61.144076, 18.8322
61.187266, 17.6012
61.223285, 16.6529
61.239086, 15.6624
61.263317, 14.9548
61.306205, 14.3843
61.329239, 14.2886
61.367229, 14.4722
61.412813, 14.7913
61.449757, 14.6707
61.463879, 15.3891
61.485595, 16.0313
61.523836, 16.7412
61.568103, 17.3394
61.604816, 17.7900
61.620678, 18.2406
61.641971, 18.3209
61.679579, 18.6611
61.723212, 18.8977
61.759070, 19.0309
61.778150, 19.0606
61.822517, 16.7775
61.845531, 17.0693
61.889626, 15.6036
61.932424, 16.1170
61.971682, 16.5963
62.019861, 16.7123
62.056805, 16.4949
62.094212, 16.6454
62.113101, 16.7959
62.135984, 16.9464
62.173350, 17.0969
62.218210, 17.0956
62.255697, 17.1629
62.269658, 17.2987
62.308352, 17.5030
62.353283, 16.7877
62.391484, 17.1803
62.404681, 16.6751
62.442721, 16.9611
62.491614, 17.6104
62.529786, 18.0780
62.578478, 18.3276
62.616981, 18.6926
62.627643, 19.0236
62.667584, 19.3205
62.713259, 19.9085
62.750836, 20.2448
62.764455, 20.4789
62.787127, 20.6109
62.831936, 20.3155
62.852797, 20.1356
62.895394, 17.1657
62.939369, 16.8735
62.975931, 16.5813
62.986754, 16.4707
63.009012, 16.7235
63.046560, 16.9762
63.089801, 17.5541
63.127338, 18.0983
63.143089, 18.6089
63.188040, 19.2652
63.225849, 19.9215
63.270719, 20.8990
63.308387, 21.8431
63.321674, 22.5747
63.359111, 23.2395
63.434719, 21.6707
63.474118, 20.8265
63.518857, 19.6488
63.558305, 18.5056
63.566332, 17.5786
63.603638, 16.7201
63.640713, 16.1095
63.658788, 15.6011
63.680936, 15.1949
63.718383, 14.8909
63.765627, 15.0225
63.803275, 15.3989
63.814520, 15.8762
63.838227, 16.1210
63.876238, 16.5012
63.917788, 16.9937
63.953264, 17.3386
63.972677, 17.4996
64.014791, 14.8342
64.056633, 15.2150
64.094955, 15.5613
64.105788, 15.8731
64.141475, 16.4797
64.153142, 17.0176
64.191243, 17.4871
64.236888, 18.3971
64.274023, 19.2393
64.284996, 20.0139
64.307648, 20.5369
64.346835, 20.9576
64.390789, 21.1350
64.429142, 21.2784
64.444782, 21.3877
64.466840, 19.9226
64.510161, 19.6750
64.532983, 19.3933
64.578195, 19.4026
64.599016, 19.5259
64.636403, 19.6156
64.683365, 19.6717
64.721838, 20.1946
64.733043, 20.6842
64.757967, 21.1407
64.800936, 21.2428
64.824382, 21.3450
64.868578, 21.2677
64.889630, 21.1569
64.927580, 21.0124
64.970881, 20.8343
65.009635, 20.6225
65.025045, 20.3771
65.063407, 20.2775
65.111475, 20.4989
65.148621, 20.6871
65.160067, 20.8421
65.181984, 21.1411
65.219713, 21.4400
65.264251, 21.7389
65.299334, 21.8607
65.315699, 21.9493
65.338008, 22.0047
65.376783, 22.0268
65.425415, 22.0157
65.462298, 21.9714
65.470516, 21.8939
65.506806, 21.7832
65.518242, 21.3182
65.561111, 21.0304
65.584607, 20.7757
65.620264, 20.5543
65.695469, 18.6985
65.731267, 18.7160
65.739766, 19.0878
65.761995, 19.4596
65.799935, 19.8314
65.844734, 20.2032
65.882735, 20.5750
65.896816, 20.9468
65.935832, 21.3186
65.980883, 21.3693
66.016580, 21.7743
66.033126, 21.6811
66.052961, 21.5879
66.090871, 21.8157
66.135469, 22.0104
66.173067, 21.5689
66.187149, 22.1221
66.209991, 22.7541
66.248062, 23.3209
66.292932, 23.8224
66.330177, 24.2588
66.343525, 24.9393
66.365924, 25.2132
66.403774, 25.4219
66.451329, 25.6977
66.488454, 26.0202
66.499861, 26.0683
66.542900, 25.9860
66.565431, 25.9504
66.610653, 25.8176
66.631896, 25.7626
66.668558, 25.8159
66.710531, 25.8372
66.747697, 25.8266
66.766123, 25.7839
66.785828, 25.7092
66.823838, 25.7732
66.871233, 25.6665
66.909193, 25.5278
66.919392, 25.8335
66.958860, 26.1075
67.002775, 26.0443
67.048962, 25.9811
67.087908, 25.9178
67.096568, 25.8546
67.134237, 25.7913
67.179720, 25.7281
67.216735, 25.6649
67.230434, 25.6016
67.314340, 25.5384
67.351174, 25.4752
67.362690, 25.4119
67.387253, 25.3487
67.428864, 25.2854
67.451837, 25.0814
67.494967, 24.9411
67.539555, 24.6957
67.577616, 24.4823
67.619579, 24.3009
67.654883, 24.1515
67.675805, 24.0342
67.698044, 23.9488
67.740288, 23.5823
67.761803, 23.2801
67.797631, 23.0424
67.808564, 22.8690
67.830722, 22.4430
67.874898, 19.4280
67.919688, 19.1532
67.956773, 18.8381
68.002860, 18.6215
68.038496, 18.5032
68.054831, 18.4834
68.101149, 18.5620
68.123298, 18.7390
68.166126, 16.6494
68.187198, 17.2679
68.224635, 17.8121
68.277019, 16.0572
68.313822, 16.9780
68.322351, 17.9648
68.361186, 18.8427
68.403039, 18.2719
68.440536, 18.7612
68.458892, 19.2505
68.481423, 19.7398
68.525478, 18.2151
68.546862, 19.2339
68.584349, 20.2194
68.629471, 20.8506
68.667220, 20.1770
68.680728, 20.5636
68.702856, 20.9502
68.740283, 20.0319
68.785807, 20.1738
68.823988, 20.3157
68.837707, 20.4577
68.860429, 20.5996
68.904313, 20.7415
68.943933, 20.8834
68.987938, 21.0253
69.024490, 20.0561
69.038451, 20.1668
69.061333, 20.3107
69.105509, 17.9457
69.147694, 18.1903
69.183250, 18.4350
69.194384, 19.0007
69.231630, 19.5332
69.276208, 20.0325
69.311352, 20.1776
69.329879, 20.3226
69.349382, 20.4676
69.386890, 20.6126
69.438318, 19.4322
69.475503, 20.0354
69.523894, 17.9192
69.562105, 18.4128
69.574758, 18.9064
69.612658, 18.4162
69.657548, 18.6319
69.693094, 19.1687
69.708161, 19.8494
69.751462, 20.5301
69.788940, 21.2108
69.837219, 20.0678
69.873510, 20.7085
69.886384, 21.3160
69.908633, 21.8902
69.945386, 21.7000
69.990095, 22.2478
70.028035, 21.3137
70.043867, 21.4065
70.066126, 21.4661
70.107797, 19.3346
70.152235, 19.6025
70.190064, 20.0144
70.198734, 20.4263
70.237438, 20.8382
70.285205, 21.2501
70.323115, 20.7536
70.331755, 20.9951
70.370308, 21.2367
70.418286, 21.4783
70.456739, 21.7198
70.468326, 21.9614
70.512754, 22.2029
70.535837, 22.4445
70.577931, 19.9999
70.619814, 19.2310
70.659705, 19.5089
70.706114, 18.1403
70.747393, 18.5885
70.755993, 19.0367
70.801819, 19.4849
70.847493, 19.9331
70.890472, 20.3813
70.935966, 18.8409
70.957943, 19.8119
71.003115, 20.7502
71.024911, 21.6556
71.070244, 19.8760
71.090954, 20.9902
71.127285, 20.5896
71.135885, 21.3603
71.158858, 21.7810
71.203526, 18.9583
71.225413, 19.7674
71.263212, 20.5437
71.305699, 21.2873
71.346907, 21.9980
71.361110, 22.6759
71.382715, 21.9067
71.420594, 22.2039
71.465173, 22.8511
71.507478, 23.4982
71.519035, 22.6821
71.560133, 23.0549
71.600879, 23.4276
71.640509, 23.8004
71.651191, 23.9982
71.696161, 21.2490
71.718712, 21.4828
71.763471, 20.0907
71.784644, 20.4927
71.827613, 20.8947
71.871819, 21.2967
71.915935, 21.5237
71.961096, 21.7180
71.998252, 22.0544
72.006680, 22.0737
72.029513, 22.1258
72.067945, 22.2107
72.113147, 22.3284
72.150876, 22.4789
72.164093, 22.6622
72.188896, 21.9813
72.231704, 22.0620
72.273476, 21.2784
72.311487, 21.5737
72.319986, 21.8689
72.365630, 22.1642
72.388785, 22.4594
72.426342, 22.7547
72.474008, 23.0499
72.511415, 23.1702
72.522530, 23.2577
72.562431, 23.3123
72.606486, 23.3342
72.643611, 23.3233
72.656627, 23.2795
72.679338, 23.2030
72.722931, 20.4414
72.765578, 20.2565
72.802995, 20.2466
72.810991, 20.2695
72.853829, 20.3251
72.891900, 20.4136
72.902924, 20.5349
72.946758, 20.6890
72.969369, 20.8758
73.014370, 21.0955
73.034335, 21.3480
73.079849, 21.6333
73.103808, 21.9514
73.146717, 22.3023
73.188137, 22.6861
73.229104, 21.6393
73.272375, 21.6393
73.312588, 21.6393
73.325523, 21.6393
73.369779, 21.6393
73.412909, 21.6393
73.460625, 21.6393
73.480521, 21.6393
73.528076, 21.6393
73.570120, 21.6393
73.615956, 19.3042
73.660011, 19.5458
73.704901, 19.7873
73.728055, 20.0289
73.770964, 20.2704
73.813058, 20.5120
