0.031221, 0.0000
0.085626, 0.0000
0.131582, 0.0000
0.172258, 0.0000
0.219160, 0.0000
0.269783, 0.0000
0.309584, 0.0000
0.347856, 0.0000
0.359302, 0.0000
0.403076, 0.0000
0.448901, 0.0000
0.491005, 0.0000
0.532455, 0.0000
0.570908, 0.0000
0.621280, 0.0000
0.661262, 0.0000
0.707379, 0.0000
0.748085, 0.0000
0.790631, 0.0000
0.829829, 0.0000
0.846224, 0.0000
0.866411, 0.0000
0.910456, 0.0000
0.951413, 0.0000
0.991375, 0.0000
1.033026, 0.0000
1.072112, 0.0000
1.087200, 0.0000
1.109831, 0.0000
1.154470, 0.0000
1.199400, 0.0000
1.243214, 0.0000
1.283739, 0.0000
1.321156, 0.0000
1.370783, 0.0000
1.409497, 0.0000
1.460030, 0.0000
1.501621, 0.0000
1.546361, 0.0000
1.585175, 0.0000
1.593614, 0.0000
1.626103, 0.0000
1.666165, 0.0000
1.682168, 0.0000
1.721465, 0.0000
1.761809, 0.0000
1.805200, 0.0000
1.816104, 0.0000
1.839006, 0.0000
1.880416, 0.0000
1.923395, 0.0000
1.961798, 0.0000
2.006165, 0.0000
2.045694, 0.0000
2.057965, 0.0000
2.103942, 0.0000
2.144919, 0.0000
2.186118, 0.0000
2.230716, 0.0000
2.269300, 0.0000
2.280122, 0.0000
2.323936, 0.0000
2.368816, 0.0000
2.411494, 0.0000
2.457772, 0.0000
2.500892, 0.0000
2.542533, 0.0000
2.584114, 0.0000
2.625785, 0.0000
2.664942, 0.0000
2.705135, 0.0000
2.720152, 0.0000
2.744131, 0.0000
2.788207, 0.0000
2.829254, 0.0000
2.868160, 0.0000
2.914287, 0.0000
2.954963, 0.0000
3.000356, 0.0000
3.039684, 0.0000
3.053152, 0.0000
3.073490, 0.0000
3.118229, 0.0000
3.140246, 0.0000
3.185519, 0.0000
3.226174, 0.0000
3.266196, 0.0000
3.313692, 0.0000
3.352858, 0.0000
3.397507, 0.0000
3.437247, 0.0000
3.450635, 0.0000
3.471989, 0.0000
3.515622, 0.0000
3.556307, 0.0000
3.595494, 0.0000
3.640113, 0.0000
3.678727, 0.0000
3.691692, 0.0000
3.714343, 0.0000
3.757302, 0.0000
3.799668, 0.0000
3.837195, 0.0000
3.887889, 0.0000
3.926503, 0.0000
3.968154, 0.0000
4.007200, 0.0000
4.023535, 0.0000
4.044013, 0.0000
4.086942, 0.0000
4.134458, 0.0000
4.176562, 0.0000
4.219249, 0.0000
4.256917, 0.0000
4.307249, 0.0000
4.345068, 0.0000
4.395410, 0.0000
4.434335, 0.0000
4.476681, 0.0000
4.515154, 0.0000
4.530995, 0.0000
4.552912, 0.0000
4.598396, 0.0000
4.618814, 0.0000
4.662357, 0.0000
4.705024, 0.0000
4.746404, 0.0000
4.787311, 0.0000
4.827413, 0.0000
4.840288, 0.0000
4.861732, 0.0000
4.905274, 0.0000
4.949752, 0.0000
4.994129, 0.0000
5.038607, 0.0000
5.081747, 0.0000
5.125551, 0.0000
5.170531, 0.0000
5.216357, 0.0000
5.260633, 0.0000
5.281886, 0.0000
5.325791, 0.0000
5.366668, 0.0000
5.405935, 0.0000
5.449940, 0.0000
5.488544, 0.0000
5.500594, 0.0000
5.547516, 0.0000
5.588835, 0.0000
5.625669, 0.0000
5.668326, 0.0000
5.706668, 0.0000
5.722711, 0.0000
5.745131, 0.0000
5.790262, 0.0000
5.810721, 0.0000
5.854454, 0.0000
5.898962, 0.0000
5.942494, 0.0000
5.984156, 0.0000
6.022850, 0.0000
6.067288, 0.0000
6.107008, 0.0000
6.121924, 0.0000
6.140542, 0.0000
6.184185, 0.0000
6.225213, 0.0000
6.265959, 0.0000
6.310165, 0.0000
6.349362, 0.0000
6.362357, 0.0000
6.407258, 0.0000
6.447953, 0.0000
6.486638, 0.0000
6.533901, 0.0000
6.574326, 0.0000
6.618049, 0.0000
6.657457, 0.0000
6.671378, 0.0000
6.695377, 2.3487
6.739161, 2.1192
6.758835, 2.1192
6.804479, 2.1192
6.826406, 2.1192
6.870844, 2.1192
6.891091, 2.1192
6.936434, 1.6070
6.977844, 1.6600
7.016920, 1.7130
7.064476, 1.7660
7.102667, 1.8190
7.113601, 1.8719
7.136926, 1.9249
7.178396, 1.9779
7.219182, 2.0309
7.257384, 2.0839
7.266597, 2.1368
7.312885, 2.1898
7.355019, 2.2428
7.397677, 2.2958
7.435305, 2.3487
7.482418, 2.1192
7.521554, 2.1192
7.531291, 2.1192
7.573043, 2.1192
7.617279, 2.1192
7.665227, 1.6070
7.685997, 1.6600
7.729701, 1.2009
7.771965, 1.3068
7.810217, 1.4128
7.853438, 1.5187
7.891639, 1.6247
7.908949, 1.7307
7.951013, 1.8366
7.995149, 2.4712
8.039908, 2.0104
8.080966, 2.1146
8.119509, 2.2189
8.167075, 2.3231
8.205719, 2.4274
8.214490, 2.2491
8.237483, 2.3003
8.278752, 2.0690
8.324487, 2.0673
8.363403, 2.0673
8.409842, 2.0639
8.448938, 2.0639
8.457277, 2.0605
8.496403, 2.0588
8.540066, 2.3487
8.578942, 2.1192
8.592752, 2.1192
8.612707, 2.1192
8.658372, 1.6070
8.700446, 1.6070
8.738959, 1.7130
8.784000, 1.7660
8.823368, 1.8190
8.834724, 1.8719
8.878256, 1.9249
8.921607, 1.9779
8.961488, 2.0309
9.006248, 2.0839
9.053622, 2.1368
9.077400, 2.1898
9.100544, 2.2428
9.143473, 2.2958
9.186955, 2.3487
9.224573, 2.1192
9.263770, 2.1192
9.302605, 2.1192
9.321927, 2.1192
9.342667, 2.1192
9.386692, 2.1192
9.432045, 2.1192
9.475245, 2.1192
9.515981, 2.1192
9.553690, 2.1192
9.601909, 1.6070
9.641730, 1.1479
9.689718, 0.7417
9.728593, 0.3885
9.739738, 0.0883
9.785282, -0.1589
9.806575, -0.3532
9.848629, -0.4945
9.872115, -0.5828
9.915466, -0.6181
9.959612, -0.6004
10.001978, -0.5298
10.047823, -0.4062
10.093075, 1.3572
10.138338, 1.4226
10.181769, 1.2585
10.202278, 1.0943
10.245479, 0.9302
10.288880, 0.7660
10.326578, 0.7660
10.373098, 0.7660
10.413160, 0.7660
10.421861, 0.7660
10.466157, 0.7660
10.504851, 0.7660
10.548635, 0.7660
10.587963, 0.7660
10.599168, 0.7660
10.621618, 0.7660
10.667403, 0.7660
10.708532, 0.7660
10.751481, 0.7660
10.796512, 0.0000
10.838253, 0.0000
10.881434, 0.0000
10.919303, 0.0000
10.932369, 0.0000
10.977269, 0.0000
10.998200, 0.0000
11.043131, 0.0000
11.063710, 0.0000
11.109324, 0.0000
11.151569, 0.0000
11.194689, 0.0000
11.236501, 0.0000
11.275175, 0.0000
11.319733, 0.0000
11.357905, 0.0000
11.373958, 0.0000
11.394456, 0.0000
11.438311, 0.0000
11.479982, 0.0000
11.517711, 0.0000
11.525828, 0.0000
11.572981, 0.0000
11.614642, 0.0000
11.654966, 0.0000
11.698599, 0.0000
11.738540, 0.0000
11.785784, 0.0000
11.824941, 0.0000
11.836850, 0.0000
11.881418, 0.0000
11.922637, 0.0000
11.960476, 0.0000
12.001504, 0.0000
12.039766, 0.0000
12.058585, 0.0000
12.078933, 0.0000
12.124044, 0.0000
12.145498, 0.0000
12.188749, 0.0000
12.230783, 0.0000
12.268582, 0.0000
12.309680, 0.0000
12.347720, 0.0000
12.365372, 0.0000
12.387943, 0.0000
12.431958, 0.0000
12.475511, 0.0000
12.513229, 0.0000
12.556852, 0.0000
12.595395, 0.0000
12.608210, 0.0000
12.649861, 0.0000
12.693222, 0.0000
12.730810, 0.0000
12.739058, 0.0000
12.762534, 0.0000
12.806579, 0.0000
12.848019, 0.0000
12.886935, 0.0000
12.928968, 0.0000
12.968477, 0.0000
12.984188, 0.0000
13.027912, 0.0000
13.073787, 0.0000
13.117219, 0.0000
13.158539, 0.0000
13.196026, 0.0000
13.240001, 0.0000
13.277830, 0.0000
13.293058, 0.0000
13.315297, 0.0000
13.360137, 0.0000
13.381531, 0.0000
13.424419, 0.0000
13.467871, 0.0000
13.512661, 0.0000
13.535020, 0.0000
13.580665, 0.0000
13.603054, 0.0000
13.650590, 0.0000
13.665697, 0.0000
13.704884, 0.0000
13.746325, 0.0000
13.785441, 0.0000
13.801363, 0.0000
13.821862, 0.0000
13.864489, 0.0000
13.903727, 0.0000
13.941988, 0.0000
13.955738, 0.0000
13.997560, 0.0000
14.041857, 0.0000
14.082181, 0.0000
14.122283, 0.0000
14.164568, 0.0000
14.175874, 0.0000
14.196815, 0.0000
14.241574, 0.0000
14.283809, 0.0000
14.330429, 0.0000
14.353583, 0.0000
14.397307, 0.0000
14.437932, 0.0000
14.486192, 0.0000
14.507696, 0.0000
14.550042, 0.0000
14.593966, 0.0000
14.636332, 0.0000
14.680166, 0.0000
14.717683, 0.0000
14.726132, 0.0000
14.771012, 0.0000
14.793875, 0.0000
14.838171, 0.0000
14.859183, 0.0000
14.903530, 0.0000
14.946006, 0.0000
14.992988, 0.0000
15.035404, 0.0000
15.081552, 0.0000
15.126029, 0.0000
15.169159, 0.0000
15.211686, 0.0000
15.258688, 0.0000
15.279579, 0.0000
15.322840, 0.0000
15.365859, 0.0000
15.404231, 0.0000
15.447150, 0.0000
15.487916, 0.0000
15.498699, 0.0000
15.521843, 0.0000
15.565456, 0.0000
15.587503, 0.0000
15.633379, 0.0000
15.675443, 0.0000
15.720504, 0.0000
15.742673, 0.0000
15.785420, 0.0000
15.832855, 0.0000
15.876066, 0.0000
15.897530, 0.0000
15.940207, 0.0000
15.982935, 0.0000
16.029746, 0.0000
16.072353, 0.0000
16.119536, 0.0000
16.139935, 0.0000
16.183286, 0.0000
16.224987, 0.0000
16.263098, 0.0000
16.307878, 0.0000
16.346773, 0.0000
16.362162, 0.0000
16.404950, 0.0000
16.448301, 0.0000
16.491874, 0.0000
16.514958, 0.0000
16.559828, 0.0000
16.602404, 0.0000
16.649779, 0.0000
16.669825, 0.0000
16.715751, 0.0000
16.737266, 0.0000
16.778786, 0.0000
16.823636, 0.0000
16.867138, 0.0000
16.909293, 0.0000
16.948419, 0.0000
16.995100, 0.0000
17.033311, 0.0000
17.044174, 0.0000
17.065578, 0.0000
17.104594, 0.0000
17.147855, 0.0000
17.186740, 0.0000
17.198026, 0.0000
17.220566, 0.0000
17.258285, 0.0000
17.301284, 0.0000
17.340109, 0.0000
17.353527, 0.0000
17.376450, 0.0000
17.421541, 0.0000
17.460738, 0.0000
17.505357, 0.0000
17.547591, 0.0000
17.585582, 0.0000
17.596605, 0.0000
17.619126, 0.0000
17.663885, 0.0000
17.684988, 0.0000
17.727172, 0.0000
17.772756, 0.0000
17.815212, 0.0000
17.856572, 0.0000
17.896322, 0.0000
17.942289, 0.0000
17.980792, 0.0000
17.994763, 0.0000
18.017947, 0.0000
18.060091, -0.0177
18.101411, -0.0177
18.140316, -0.0177
18.186765, -0.0177
18.225801, -0.0177
18.234411, -0.0177
18.272763, -0.0177
18.314334, -0.0177
18.353873, -0.0177
18.369494, 0.0000
18.392487, 0.0000
18.434541, 0.0000
18.475810, 0.0000
18.515349, 0.0000
18.559052, 0.0000
18.598581, 0.0000
18.612723, 0.0000
18.656427, 0.0000
18.677549, 0.0000
18.715720, 0.0000
18.760359, 0.0000
18.798259, 0.0000
18.811415, 0.0000
18.855219, 0.0000
18.878443, 0.0000
18.922046, 0.0000
18.963536, 0.0000
19.001919, 0.0000
19.043751, 0.0000
19.082908, 0.0000
19.097040, 0.0000
19.119943, 0.0000
19.164028, 0.0000
19.184899, 0.0000
19.234869, 0.0000
19.251153, 0.0000
19.292684, 0.0000
19.336789, 0.0000
19.376278, 0.0000
19.420182, 0.0000
19.459138, 0.0000
19.471731, 0.0000
19.494161, 0.0000
19.537452, 0.0000
19.580531, 0.0000
19.619165, 0.0000
19.664659, 0.0000
19.702126, 0.0000
19.714880, 0.0000
19.737340, 0.0000
19.781607, 0.0000
19.803544, 0.0000
19.847247, 0.0000
19.888697, 0.0000
19.927049, 0.0000
19.977492, 0.0000
20.015200, 0.0000
20.060231, 0.0000
20.098925, 0.0000
20.112534, 0.0000
20.157304, 0.0000
20.198070, 0.0000
20.237689, 0.0000
20.278375, 0.0000
20.317794, 0.0000
20.357061, 0.0000
20.398069, 0.0000
20.441048, 0.0000
20.482428, 0.0000
20.520538, 0.0000
20.533815, 0.0000
20.575769, 0.0000
20.618969, 0.0000
20.659172, 0.0000
20.701718, 0.0000
20.741167, 0.0000
20.752201, 0.0000
20.793923, 0.0000
20.835463, 0.0000
20.872679, 0.0000
20.885443, 0.0000
20.929408, 0.0000
20.952713, 0.0000
20.995018, 0.0000
21.038832, 0.0000
21.080433, 0.0000
21.125755, 0.0000
21.164128, 0.0000
21.206041, 0.0000
21.245630, 0.0000
21.259209, 0.0000
21.299150, 0.0000
21.344835, 0.0000
21.384444, 0.0000
21.424406, 0.0000
21.463895, 0.0000
21.482271, 0.0000
21.524778, 0.0000
21.568380, 0.0000
21.604962, 0.0000
21.649591, 0.0000
21.687822, 0.0000
21.702055, 0.0000
21.725058, 0.0000
21.768299, 0.0000
21.810493, 0.0000
21.847689, 0.0000
21.894520, 0.0000
21.931162, 0.0000
21.945415, 0.0000
21.965964, 0.0000
22.009295, 0.0000
22.050072, 0.0000
22.088373, 0.0000
22.099488, 0.0000
22.120097, 0.0000
22.159988, 0.0000
22.206035, 0.0000
22.244840, 0.0000
22.293804, 0.0000
22.332468, 0.0000
22.376785, 0.0000
22.415006, 0.0000
22.431160, 0.0000
22.475416, 0.0000
22.516273, 0.0000
22.554806, 0.0000
22.599576, 0.0000
22.637606, 0.0000
22.651305, 0.0000
22.673564, 0.0000
22.718545, 0.0000
22.737505, 0.0000
22.776410, 0.0000
22.817659, 0.0000
22.856213, 0.0000
22.871471, 4.3067
22.895269, 4.3067
22.937474, 4.3067
22.977988, 4.3067
23.016894, 4.3067
23.064801, 4.3067
23.105709, 4.3067
23.148376, 4.3067
23.187935, 4.3067
23.201333, 4.3067
23.224668, 4.3067
23.270242, 4.3067
23.291525, 4.3067
23.335681, 4.3067
23.359107, 4.3067
23.401895, 4.3067
23.423470, 4.3067
23.466348, 4.3067
23.488718, 4.3067
23.533809, 3.2659
23.554942, 3.3736
23.592509, 3.4813
23.631183, 3.5889
23.644591, 3.6966
23.685176, 3.8043
23.726083, 3.9119
23.767352, 4.0196
23.805423, 4.1273
23.820913, 4.2349
23.842669, 4.3426
23.886463, 4.4503
23.927973, 4.5579
23.966617, 4.6656
24.009144, 4.7733
24.047707, 4.3067
24.063871, 4.3067
24.109223, 4.3067
24.130165, 4.3067
24.172490, 4.3067
24.215660, 4.3067
24.253479, 4.3067
24.297444, 4.3067
24.336340, 4.3067
24.351880, 4.3067
24.372167, 4.3067
24.416685, 3.2659
24.458880, 3.3736
24.501647, 3.4813
24.546809, 3.5889
24.585383, 3.6966
24.627054, 3.8043
24.666090, 3.9119
24.682395, 4.0196
24.727033, 4.1273
24.766351, 4.2349
24.806916, 4.3426
24.849895, 4.4503
24.890913, 4.5579
24.902239, 4.6656
24.946435, 3.7325
24.989504, 3.3736
25.028621, 3.4813
25.073008, 3.5889
25.112236, 3.6966
25.120805, 3.6966
25.165373, 3.9119
25.205184, 4.0196
25.247248, 4.1273
25.286395, 4.2349
25.300587, 4.3426
25.321699, 4.4503
25.364578, 4.5579
25.409860, 4.6656
25.453744, 4.7733
25.496613, 4.3067
25.533979, 4.3067
25.581012, 4.3067
25.620179, 4.3067
25.628779, 4.3067
25.672361, 3.2659
25.718318, 3.3736
25.757263, 3.4813
25.798019, 3.5889
25.837176, 3.6966
25.850463, 3.8043
25.874724, 3.9119
25.919242, 4.0196
25.938876, 4.1273
25.981251, 3.1941
26.024934, 3.4095
26.063598, 3.6248
26.109746, 3.8401
26.148329, 4.0555
26.161868, 4.2708
26.203730, 3.9119
26.247836, 4.0196
26.292193, 3.0865
26.335544, 3.3018
26.373544, 3.3018
26.414763, 3.7325
26.456183, 3.9478
26.469289, 4.1631
26.490281, 4.3785
26.532958, 2.9788
26.576661, 3.1941
26.615778, 3.4095
26.661865, 3.6248
26.700660, 3.6248
26.712116, 4.0555
26.755960, 4.2708
26.797320, 4.4862
26.837412, 4.1273
26.880864, 4.2349
26.920323, 4.3426
26.932191, 4.4503
26.976347, 4.4503
27.019699, 3.7325
27.061380, 3.9478
27.108272, 3.5889
27.153816, 2.6558
27.174445, 2.8711
27.212244, 3.0865
27.256330, 3.0865
27.294662, 3.5171
27.307909, 3.7325
27.351652, 2.9070
27.397508, 3.2300
27.440829, 3.5530
27.483888, 3.8760
27.522200, 4.1990
27.563781, 3.9478
27.603129, 4.1631
27.618136, 4.3785
27.638122, 4.5938
27.680960, 4.5938
27.721928, 3.4095
27.760582, 3.6248
27.771656, 3.8401
27.792396, 3.8401
27.834792, 3.2300
27.881120, 2.4502
27.924683, 1.6794
27.966274, 1.5284
28.005984, 1.4322
28.047886, 1.4322
28.086903, 1.4037
28.100662, 1.4715
28.147353, 1.5939
28.190825, 1.7711
28.234950, 1.9574
28.280303, 1.5694
28.325224, 1.8013
28.366815, 2.0878
28.408436, 2.0878
28.446285, 2.2508
28.494816, 1.7899
28.533490, 1.6116
28.544474, 1.6629
28.564832, 1.6629
28.604381, 1.7654
28.653868, 1.7654
28.699251, 0.8967
28.743286, 0.5418
28.786386, 0.2398
28.830562, 0.2826
28.875381, -0.1413
28.916510, -0.2826
28.954389, -0.3709
29.000879, -0.4062
29.039271, -0.4062
29.050255, -0.6004
29.097066, -0.5298
29.138375, -0.4062
29.177472, -0.2296
29.222734, -0.2296
29.261207, 0.0000
29.272472, 0.0000
29.295013, 0.0000
29.340084, 0.0000
29.361297, 0.0000
29.405574, 0.0000
29.448935, 0.0000
29.492236, 0.0000
29.535466, 0.0000
29.574181, 0.0000
29.621606, 0.0000
29.659043, 0.0000
29.667723, 0.0000
29.690887, 0.0000
29.733574, 0.0000
29.776895, 0.0000
29.815459, 0.0000
29.854002, 0.0000
29.867370, 0.0000
29.892113, 0.0000
29.933603, 0.0000
29.977055, 0.0000
30.016464, 0.0000
30.061897, 0.0000
30.101325, 0.0000
30.112098, 0.0000
30.134317, 0.0000
30.176471, 0.0000
30.217670, 0.0000
30.255881, 0.0000
30.305327, 0.0000
30.344645, 0.0000
30.391909, 0.0000
30.431499, 0.0000
30.439676, 0.0000
30.464148, 0.0000
30.508736, 0.0000
30.549875, 0.0000
30.590631, 0.0000
30.629798, 0.0000
30.640701, 0.0000
30.686094, 0.0000
30.708645, 0.0000
30.750567, 0.0000
30.793919, 0.0000
30.833307, 0.0000
30.875713, 0.0000
30.913783, 0.0000
30.927191, 0.0000
30.949913, 0.0000
30.994692, 0.0000
31.017384, 0.0000
31.059568, 0.0000
31.099761, 0.0000
31.138576, 0.0000
31.189722, 0.0000
31.226988, 0.0000
31.235286, 0.0000
31.274051, 0.0000
31.319394, 0.0000
31.357303, 0.0000
31.368488, 0.0000
31.390677, 0.0000
31.434511, 0.0000
31.477047, 0.0000
31.515973, 0.0000
31.564685, 0.0000
31.603007, 0.0000
31.646217, 0.0000
31.686239, 0.0000
31.699365, 0.0000
31.721413, 0.0000
31.762803, 0.0000
31.808679, 0.0000
31.849013, 0.0000
31.892585, 0.0000
31.931169, 0.0000
31.942886, 0.0000
31.964341, 0.0000
32.008929, 0.0000
32.031269, 0.0000
32.074077, 0.0000
32.098770, 0.0000
32.141729, 0.0000
32.162549, 0.0000
32.207520, 0.0000
32.250056, 0.0000
32.295329, 0.0000
32.318161, 0.0000
32.362065, 0.0000
32.383027, 0.0000
32.422767, 0.0000
32.464107, 0.0000
32.504098, 0.0000
32.516068, 0.0000
32.556613, 0.0000
32.596283, 0.0000
32.637260, 0.0000
32.678036, 0.0000
32.694713, 0.0000
32.714518, 0.0000
32.759398, 0.0000
32.802628, 0.0000
32.846674, 0.0000
32.890105, 0.0000
32.930540, 0.0000
32.974786, 0.0000
33.013209, 0.0000
33.023005, 0.0000
33.046119, 0.0000
33.091834, 0.0000
33.111558, 0.0000
33.156901, 0.0000
33.178838, 0.0000
33.224443, 0.0000
33.244197, 0.0000
33.289027, 0.0000
33.328838, 0.0000
33.368749, 0.0000
33.413589, 0.0000
33.454435, 0.0000
33.465349, 0.0000
33.488030, 0.0000
33.532467, 0.0000
33.575638, 2.0309
33.619441, 2.0839
33.663446, 2.1368
33.706928, 1.6777
33.731782, 1.7836
33.774772, 1.8896
33.817580, 1.9956
33.856566, 1.8190
33.900058, 1.8719
33.939466, 1.9249
33.978572, 1.4658
33.997060, 1.4658
34.017196, 0.7064
34.062056, 0.4062
34.104542, 0.1589
34.146606, -0.0353
34.189424, -0.1766
34.229034, -0.2649
34.274759, -0.5828
34.313513, -0.6181
34.326348, -0.6004
34.349462, -0.5298
34.394452, -0.5298
34.415001, -0.2296
34.459177, 0.0000
34.502136, 0.0000
34.546715, 0.0000
34.590780, 0.0000
34.629012, 0.0000
34.672866, 0.0000
34.713270, 0.0000
34.723590, 0.0000
34.746704, 0.0000
34.788717, 0.0000
34.831716, 0.0000
34.870541, 0.0000
34.916598, 0.0000
34.955302, 0.0000
34.966215, 0.0000
35.012876, 0.0000
35.033646, 0.0000
35.076193, 0.0000
35.098321, 0.0000
35.142427, 0.0000
35.188846, 0.0000
35.232388, 0.0000
35.274401, 0.0000
35.313427, 0.0000
35.356145, 0.0000
35.394749, 0.0000
35.407623, 0.0000
35.452886, 0.0000
35.496156, 0.0000
35.539347, 0.0000
35.580586, 0.0000
35.618706, 0.0000
35.627266, 0.0000
35.666171, 0.0000
35.710156, 0.0000
35.748639, 0.0000
35.759160, 0.0000
35.798036, 0.0000
35.846356, 0.0000
35.883943, 0.0000
35.892181, 0.0000
36.026540, 0.0000
36.096404, 0.0000
36.115525, 0.0000
36.135773, 0.0000
36.181296, 0.0000
36.224436, 0.0000
36.264911, 0.0000
36.308252, 0.0000
36.348002, 0.0000
36.398696, 0.0000
36.437028, 0.0000
36.479122, 0.0000
36.517313, 0.0000
36.532622, 0.0000
36.575802, 0.0000
36.614678, 0.0000
36.653462, 0.0000
36.664456, 0.0000
36.707707, 0.0000
36.745445, 0.0000
36.793735, 0.0000
36.832621, 0.0000
36.843473, 0.0000
36.864304, 0.0000
36.910693, 0.0000
36.931735, 0.0000
36.974553, 0.0000
37.019292, 0.0000
37.063981, 0.0000
37.106920, 0.0000
37.151539, 0.0000
37.192908, 0.0000
37.230929, 0.0000
37.280627, 0.0000
37.319442, 0.0000
37.363658, 0.0000
37.403539, 0.0000
37.415900, 0.0000
37.438894, 0.0000
37.482345, 0.0000
37.526280, 0.0000
37.564270, 0.0000
37.608386, 0.0000
37.647100, 0.0000
37.705790, 0.0000
37.748126, 0.0000
37.791809, 0.0000
37.837554, 0.0000
37.858364, 0.0000
37.903285, 0.0000
37.946294, 0.0000
37.990389, 0.0000
38.033590, 0.0000
38.073239, 0.0000
38.112919, 0.0000
38.152197, 0.0000
38.167536, 0.0000
38.188387, 0.0000
38.232744, 0.0000
38.276920, 0.0000
38.321880, 0.0000
38.363149, 0.0000
38.406551, 0.0000
38.448715, 0.0000
38.488093, 0.0000
38.526918, 0.0000
38.543263, 0.0000
38.563903, 0.0000
38.609507, 0.0000
38.651269, 0.0000
38.697537, 0.0000
38.742498, 0.0000
38.784632, 0.0000
38.826082, 0.0000
38.865530, 0.0000
38.909727, 0.0000
38.948270, 0.0000
38.961436, 0.0000
38.982780, 0.0000
39.024130, 0.0000
39.068456, 0.0000
39.107855, 0.0000
39.152413, 0.0000
39.191449, 0.0000
39.230465, 0.0000
39.247474, 0.0000
39.270397, 0.0000
39.316685, 0.0000
39.337747, 0.0000
39.380042, 5.9422
39.426048, 5.3943
39.469309, 5.4489
39.513475, 4.9575
39.557400, 3.7931
39.601173, 3.5807
39.645208, 2.3840
39.688238, 2.3922
39.732897, 1.4162
39.775121, 1.6450
39.815425, 1.9304
39.857207, 2.2722
39.895106, 2.6705
39.911019, 3.1253
39.955879, 3.6366
39.999914, 3.9031
40.043486, 4.1696
40.084574, 4.7374
40.123802, 5.0604
40.171488, 4.8092
40.211279, 5.0245
40.255394, 4.6656
40.295034, 4.7733
40.308904, 4.7733
40.351270, 3.7781
40.395285, 3.7781
40.433889, 2.8848
40.478437, 2.8848
40.517050, 3.2129
40.528135, 2.8483
40.574875, 2.0263
40.593946, 2.3527
40.637126, 1.6384
40.681503, 2.0725
40.720157, 2.5065
40.763981, 2.9406
40.802082, 3.3747
40.815560, 3.8088
40.838855, 4.2429
40.881251, 4.3853
40.925990, 4.4730
40.969854, 4.5061
41.013739, 4.7761
41.058659, 4.0053
41.100823, 4.0914
41.139246, 3.8401
41.177729, 4.0555
41.190996, 3.6966
41.235876, 3.8043
41.279881, 3.8043
41.323272, 4.0196
41.367247, 4.0196
41.411061, 4.2349
41.455187, 4.3426
41.500821, 3.4095
41.543036, 3.0962
41.581700, 3.3662
41.629255, 3.6362
41.671078, 2.8033
41.713192, 2.4917
41.753787, 2.2348
41.764408, 2.0326
41.808262, 2.0326
41.852127, 1.3330
41.895880, 0.8357
41.942641, 0.9582
41.984494, 1.1354
42.007115, 1.3672
42.052005, 1.6538
42.095879, 1.4208
42.139954, 1.4173
42.161972, 1.1935
42.205182, 1.0772
42.249067, 1.0772
42.287298, 0.5298
42.334482, 0.3355
42.372613, 0.1943
42.381685, -0.1766
42.427642, -0.2649
42.470540, -0.5828
42.514334, 3.3442
42.556991, 3.3442
42.596108, 2.6127
42.637880, 2.6127
42.677077, 2.0931
42.691068, 1.9128
42.714303, 1.5029
42.758911, 1.0930
42.802192, 0.6832
42.844567, 0.2733
42.888180, 0.2733
42.926724, 0.2733
42.970628, 0.2733
43.009624, 0.2733
43.023042, 0.2733
43.045522, 0.2733
43.089215, 0.2733
43.130082, 0.2733
43.168786, 0.2733
43.213928, 0.0000
43.252733, 0.0000
43.265647, 0.0000
43.286689, 0.0000
43.330473, 0.0000
43.375222, 0.0000
43.417819, 0.0000
43.462096, 0.0000
43.505367, 0.0000
43.549442, 0.0000
43.587432, 0.0000
43.595730, 0.0000
43.642230, 0.0000
43.683237, 0.0000
43.729696, 0.0000
43.772193, 0.0000
43.813200, 0.0000
43.852830, 0.0000
43.896614, 0.0000
43.935791, 0.0000
43.949651, 0.0000
43.973258, 0.0000
44.015995, 0.0000
44.057707, 0.0000
44.096442, 0.0000
44.141020, 0.0000
44.179835, 0.0000
44.192880, 0.0000
44.214606, 0.0000
44.258169, 0.0000
44.299850, 0.0000
44.338575, 0.0000
44.384290, 0.0000
44.425720, 0.0000
44.434370, 0.0000
44.480819, 0.0000
44.520760, 0.0000
44.564584, 6.3221
44.609052, 7.1828
44.647716, 7.8740
44.697122, 8.3956
44.736470, 8.7477
44.780847, 8.9303
44.820095, 9.2351
44.831451, 9.4249
44.871090, 9.5000
44.918133, 9.7614
44.956867, 9.9645
45.001898, 10.1091
45.039979, 9.6313
45.054252, 8.2780
45.096919, 7.6360
45.140793, 6.9940
45.184386, 5.0765
45.231318, 5.0765
45.274518, 4.9184
45.297763, 4.9269
45.340571, 4.9938
45.383982, 5.1190
45.422003, 5.3026
45.463644, 5.5446
45.507770, 5.8449
45.551654, 6.2036
45.592752, 6.6207
45.604309, 6.7848
45.648566, 6.9490
45.671981, 7.1131
45.716912, 7.2773
45.737591, 6.5660
45.781043, 6.5660
45.825199, 6.5660
45.871155, 4.9792
45.912606, 4.9792
45.951652, 5.3075
45.995707, 5.4716
46.035387, 5.6358
46.047336, 5.7999
46.067835, 5.9641
46.113278, 4.5415
46.154517, 4.8698
46.195585, 5.1981
46.237166, 5.5263
46.276212, 5.8546
46.289308, 6.1829
46.312805, 6.5112
46.354868, 6.8395
46.396841, 6.2924
46.435506, 6.4565
46.480838, 6.6207
46.520116, 6.7848
46.531723, 6.7848
46.577539, 7.1131
46.621604, 7.2773
46.663728, 6.5660
46.708065, 6.5660
46.752311, 6.5660
46.795813, 6.5660
46.834809, 6.5660
46.882254, 6.5660
46.921180, 6.5660
46.964169, 6.5660
47.004141, 6.5660
47.017236, 6.5660
47.039576, 6.5660
47.084275, 6.5660
47.128722, 6.5660
47.173230, 6.5660
47.214731, 6.5660
47.253314, 6.0200
47.298647, 5.5305
47.337321, 5.0974
47.348687, 4.7209
47.372646, 4.4008
47.414418, 3.6086
47.457638, 2.9275
47.501372, 1.8455
47.540046, 1.4398
47.579867, 1.1452
47.593073, 0.9618
47.612999, 0.8896
47.655817, 0.4164
47.681656, 0.6194
47.723278, 0.9337
47.765925, 1.0579
47.804931, 1.2368
47.846834, 1.4703
47.885900, 1.7586
47.902174, 2.1015
47.923508, 2.2075
47.967231, 2.3134
48.008380, 2.1368
48.050906, 2.1898
48.095977, 2.2428
48.135436, 2.2958
48.180165, 2.2958
48.220589, 1.6070
48.232529, 1.1479
48.276212, 0.7417
48.296590, 0.3885
48.336048, 0.3885
48.384771, -0.1589
48.423676, -0.3532
48.471202, -0.4945
48.509996, -0.5828
48.554675, -0.6181
48.593028, -0.6004
48.607320, -0.5298
48.650943, -0.4062
48.672136, -0.2296
48.717599, 0.0000
48.761122, 0.0000
48.807148, 0.0000
48.827486, 0.0000
48.872879, 0.0000
48.911915, 0.0000
48.954341, 0.0000
48.998738, 0.0000
49.038117, 0.0000
49.046727, 0.0000
49.071440, 0.0000
49.115787, 0.0000
49.160526, 0.0000
49.205255, 0.0000
49.224145, 0.0000
49.266309, 0.0000
49.310425, 0.0000
49.347932, 0.0000
49.356240, 0.0000
49.395608, 0.0000
49.438527, 0.0000
49.477291, 0.0000
49.488235, 0.0000
49.511309, 0.0000
49.555686, 0.0000
49.598152, 0.0000
49.641734, 0.0000
49.683325, 0.0000
49.722130, 0.0000
49.730821, 0.0000
49.772522, 0.0000
49.815803, 0.0000
49.854045, 0.0000
49.862805, 0.0000
49.900715, 0.0000
49.948200, 0.0000
49.990586, 0.0000
50.030487, 0.0000
50.070278, 0.0000
50.086542, 0.0000
50.130678, 0.0000
50.170881, 0.0000
50.209444, 0.0000
50.252745, 0.0000
50.293501, 0.0000
50.306728, 0.0000
50.352402, 0.0000
50.373816, 0.0000
50.416856, 0.0000
50.458145, 0.0000
50.495813, 0.0000
50.543510, 0.0000
50.581973, 0.0000
50.592292, 0.0000
50.616674, 0.0000
50.659049, 0.0000
50.699826, 0.0000
50.738731, 0.0000
50.779155, 0.0000
50.818775, 0.0000
50.834858, 0.0000
50.873663, 0.0000
50.918975, 0.0000
50.958112, 2.2428
50.966843, 2.2958
51.013634, 2.3487
51.057196, 2.1192
51.098445, 2.1192
51.138166, 2.1192
51.182865, 2.1192
51.222384, 2.1192
51.231325, 2.1192
51.271388, 2.1192
51.312707, 1.6070
51.351663, 1.1479
51.364648, 0.7417
51.387199, 0.3885
51.425692, 0.0883
51.466729, -0.1589
51.506359, -0.3532
51.519998, -0.4945
51.543726, -0.5828
51.586101, -0.6181
51.629493, -0.6004
51.668006, -0.5298
51.712292, -0.4062
51.751298, -0.2296
51.764656, 0.0000
51.786432, 0.0000
51.831443, 0.0000
51.851761, 0.0000
51.895534, 0.0000
51.917844, 0.0000
51.962030, 0.0000
52.003007, 0.0000
52.043723, 0.0000
52.090776, 0.0000
52.129882, 0.0000
52.171292, 0.0000
52.210288, 0.0000
52.225768, 0.0000
52.248590, 0.0000
52.292525, 0.0000
52.335433, 0.0000
52.375083, 0.0000
52.420054, 0.0000
52.458627, 0.0000
52.469742, 0.0000
52.490783, 0.0000
52.534255, 0.0000
52.579236, 0.0000
52.622617, 0.0000
52.647069, 0.0000
52.692362, 0.0000
52.711030, 0.0000
52.749533, 0.0000
52.795177, 0.0000
52.833670, 0.0000
52.844916, 0.0000
52.868090, 0.0000
52.909681, 0.0000
52.956281, 0.0000
52.999934, 0.0000
53.043044, 0.0000
53.085781, 0.0000
53.129283, 0.0000
53.168551, 0.0000
53.211439, 0.0000
53.252859, 0.0000
53.263561, 0.0000
53.307144, 0.0000
53.348685, 0.0000
53.387288, 0.0000
53.438254, 0.0000
53.477199, 0.0000
53.520541, 0.0000
53.558581, 0.0000
53.572713, 0.0000
53.595264, 0.0000
53.641029, 0.0000
53.662634, 0.0000
53.704738, 0.0000
53.746148, 0.0000
53.784701, 0.0000
53.835043, 0.0000
53.875598, 0.0000
53.921313, 0.0000
53.959524, 0.0000
53.968758, 0.0000
53.990775, 0.0000
54.028383, 0.0000
54.072982, 0.0000
54.113748, 0.0000
54.125224, 0.0000
54.145864, 0.0000
54.189386, 0.0000
54.212731, 0.0000
54.257441, 0.0000
54.298338, 0.0000
54.339013, 0.0000
54.385714, 0.0000
54.424318, 0.0000
54.475283, 0.0000
54.521159, 0.0000
54.564007, 0.0000
54.611130, 0.0000
54.631387, 0.0000
54.675704, 0.0000
54.717869, 0.0000
54.766420, 0.0000
54.805989, 0.0000
54.848113, 0.0000
54.891394, 3.5889
54.931597, 3.6966
54.940006, 3.6966
54.962546, 3.9119
55.008452, 2.9788
55.048454, 3.1941
55.092882, 3.4095
55.138154, 3.6248
55.179815, 3.8401
55.224082, 4.0555
55.262615, 4.2708
55.271145, 4.4862
55.293685, 4.1273
55.337690, 3.1941
55.361961, 3.4095
55.404216, 3.6248
55.448985, 3.6248
55.493533, 3.5268
55.536442, 3.7969
55.580658, 2.4519
55.623295, 2.7219
55.673204, 2.9919
55.690927, 3.8079
55.736793, 3.8079
55.780235, 5.2705
55.824592, 5.9171
55.865479, 6.5071
55.904263, 7.0407
55.946005, 6.9436
55.984850, 7.2566
56.000129, 7.5131
56.023152, 7.7131
56.067308, 7.7131
56.106716, 7.5973
56.147563, 6.9990
56.192131, 7.3749
56.232344, 7.0718
56.242855, 7.5776
56.266522, 7.5776
56.308325, 8.4142
56.331982, 8.7449
56.375242, 9.0173
56.417226, 9.2313
56.456513, 9.3869
56.499321, 8.9200
56.541355, 9.0173
56.581467, 8.4920
56.597269, 7.9667
56.619981, 7.4414
56.662245, 6.9161
56.706301, 6.7021
56.751422, 6.2352
56.792802, 6.0796
56.831627, 5.9823
56.879464, 5.9434
56.919245, 5.9629
56.962918, 6.0407
57.002457, 6.1769
57.016056, 6.3714
57.038053, 6.3130
57.082269, 6.5660
57.127240, 6.5660
57.171587, 6.5660
57.214858, 6.5660
57.259154, 6.5660
57.303441, 6.5660
57.348230, 6.5660
57.386724, 6.5660
57.428918, 6.5660
57.470921, 6.5660
57.509716, 6.5660
57.523325, 6.5660
57.545775, 6.0200
57.589981, 5.5305
57.634449, 5.0974
57.679902, 4.7209
57.700824, 4.4008
57.743571, 4.1373
57.767118, 3.9302
57.810157, 3.7795
57.856466, 3.6854
57.897383, 3.1191
57.940543, 2.6640
57.979307, 2.3200
58.023011, 3.1618
58.063626, 4.0037
58.102220, 4.2995
58.119942, 4.3506
58.142785, 4.4017
58.185935, 4.4528
58.229165, 4.5039
58.267990, 4.5550
58.311945, 5.1521
58.350921, 5.6927
58.361532, 6.1769
58.384767, 6.6045
58.427856, 6.6840
58.451403, 6.6523
58.496011, 6.5095
58.515545, 6.8484
58.560475, 7.1873
58.602700, 7.2249
58.641525, 7.2061
58.684343, 7.1308
58.734876, 5.4122
58.775360, 5.3881
58.823499, 5.3075
58.863028, 5.4716
58.910312, 5.0898
58.949157, 4.7644
58.999197, 3.4548
59.037771, 3.3501
59.090335, 2.7732
59.133546, 1.7953
59.176505, 2.5684
59.214585, 3.3414
59.258892, 4.1145
59.299779, 5.4517
59.313086, 6.7306
59.333323, 7.0757
59.379239, 8.0737
59.399406, 9.0133
59.445292, 7.7436
59.488513, 7.7436
59.531703, 9.6401
59.555048, 9.5201
59.598520, 10.3350
59.641248, 10.6831
59.680817, 10.5188
59.722911, 10.5188
59.762138, 11.2566
59.773755, 11.4475
59.796578, 11.4475
59.841770, 9.4197
59.881842, 9.9653
59.921019, 10.4506
59.963143, 10.8755
60.000982, 10.0533
60.018292, 10.4569
60.038781, 10.5386
60.084959, 7.8257
60.127294, 7.8257
60.167155, 8.9571
60.206644, 9.5228
60.246585, 10.0885
60.260657, 10.6542
60.306130, 11.2199
60.348818, 11.7857
60.393507, 8.1085
60.413794, 8.6742
60.453142, 9.2400
60.495669, 9.8057
60.533699, 9.8057
60.549078, 10.9371
60.569416, 11.5028
60.615433, 10.5599
60.636746, 10.8428
60.678991, 11.1257
60.721145, 11.4085
60.760433, 11.4085
60.804820, 11.9742
60.843746, 12.2571
60.856701, 12.5399
60.900223, 11.3142
60.939400, 11.3142
60.977893, 11.3142
60.988615, 11.3142
61.031906, 11.3142
61.074251, 11.3142
61.115551, 11.3142
61.153883, 11.3142
61.167089, 10.7309
61.187337, 10.2079
61.232911, 9.7453
61.276674, 9.3430
61.319523, 9.0011
61.362733, 8.7195
61.401669, 8.4982
61.446106, 8.3373
61.484207, 8.2368
61.495613, 8.1965
61.518747, 8.2166
61.563184, 8.2971
61.604132, 8.4379
61.643138, 8.6390
61.690160, 8.9005
61.728794, 8.9005
61.737213, 8.9005
61.777708, 8.9005
61.820777, 8.9005
61.861091, 8.9005
61.871974, 8.9005
61.894545, 8.9005
61.939324, 8.9005
61.981589, 8.9005
62.024689, 6.7496
62.068372, 6.9721
62.109098, 7.1946
62.149794, 7.4171
62.188810, 7.6396
62.230441, 7.8621
62.246977, 8.0846
62.270111, 8.3072
62.312667, 8.5297
62.353333, 8.7522
62.392550, 8.9747
62.443455, 7.0462
62.483115, 7.4913
62.523942, 7.9363
62.562555, 8.3813
62.579081, 7.6396
62.599852, 7.8621
62.643585, 8.0846
62.686061, 8.3072
62.724202, 8.3072
62.765783, 8.7522
62.805171, 8.9747
62.820259, 9.1972
62.842166, 9.4197
62.887810, 9.6422
62.931413, 9.8647
62.975679, 8.9005
62.996751, 8.9005
63.035566, 8.9005
63.077861, 8.9005
63.119674, 8.9005
63.128022, 8.9005
63.167370, 8.9005
63.211174, 8.9005
63.250411, 8.9005
63.261224, 8.9005
63.301115, 8.9005
63.346780, 8.9005
63.384347, 8.9005
63.392555, 8.9005
63.416966, 8.9005
63.460871, 6.7496
63.504433, 6.9721
63.548941, 7.1946
63.589557, 7.4171
63.628291, 7.6396
63.675987, 5.7112
63.714340, 6.1562
63.753476, 6.6012
63.770797, 7.0462
63.790913, 7.4913
63.833098, 5.7853
63.877696, 6.4529
63.916561, 7.1204
63.961200, 7.7880
64.000538, 8.4555
64.011864, 7.9363
64.056201, 6.2304
64.099341, 6.8979
64.146333, 7.5654
64.189966, 7.5654
64.232824, 7.7138
64.274465, 8.1588
64.313270, 8.6038
64.360021, 9.0489
64.398776, 9.0489
64.407396, 8.7522
64.446995, 8.9747
64.493404, 9.1972
64.533587, 9.4197
64.576536, 9.4197
64.615974, 7.7201
64.632027, 6.4196
64.675559, 5.5957
64.720047, 4.8866
64.763227, 3.2516
64.806418, 3.2516
64.851107, 1.5822
64.872692, 1.5479
64.918035, 1.6284
64.959032, 1.8237
65.000221, 2.1339
65.045030, 2.5590
65.084801, 3.0988
65.135102, 3.7536
65.173495, 4.2119
65.223977, 3.6051
65.263537, 4.1199
65.309251, 4.3899
65.348760, 4.6599
65.357441, 4.3557
65.401918, 3.4773
65.445793, 3.1731
65.485845, 3.3354
65.529447, 3.3354
65.568685, 3.6601
65.577395, 3.6601
65.617457, 3.9848
65.662871, 4.1472
65.703677, 4.3096
65.745731, 4.4719
65.785763, 4.3426
65.801856, 4.4503
65.822787, 4.5579
65.866651, 4.6656
65.888357, 4.7733
65.933790, 4.3067
65.954661, 4.3067
65.998717, 4.3067
66.042702, 4.3067
66.088728, 4.3067
66.131637, 3.3736
66.177362, 2.4405
66.221075, 2.6558
66.265754, 2.8711
66.284754, 3.0865
66.324303, 3.3018
66.368389, 3.5171
66.407958, 3.7325
66.416226, 3.9478
66.439551, 4.1631
66.482762, 3.3377
66.507002, 3.1320
66.551399, 2.9811
66.592357, 2.8848
66.631373, 2.2690
66.673648, 2.1744
66.712704, 1.5603
66.728646, 1.4675
66.749014, 1.4675
66.794126, 0.9337
66.835546, 0.9337
66.876473, 2.2394
66.920015, 2.8922
66.959263, 3.5451
66.970166, 4.1979
66.993340, 4.2765
67.037959, 4.5300
67.082074, 4.7288
67.125285, 4.8730
67.166373, 4.8730
67.204333, 4.9971
67.249987, 4.4486
67.288500, 3.9000
67.301616, 3.3514
67.322246, 2.5202
67.365969, 1.6982
67.411513, 1.4960
67.455951, 1.3484
67.497260, 1.3484
67.535381, 1.2174
67.579426, 1.2339
67.619559, 1.3051
67.630683, 1.4310
67.674990, 1.6116
67.719297, 1.8469
67.765655, 1.6247
67.806522, 1.7307
67.845478, 1.8366
67.887089, 1.9426
67.927986, 2.0485
67.940981, 1.8719
67.963623, 1.9249
68.006591, 1.9779
68.048102, 2.0309
68.087772, 2.0309
68.130912, 2.1368
68.172825, 2.1898
68.183476, 2.2428
68.226375, 1.7836
68.270239, 1.8896
68.311066, 1.7130
68.353592, 1.7660
68.391904, 1.8190
68.405000, 1.8719
68.449045, 1.8719
68.490325, 1.9779
68.528948, 2.0309
68.574130, 2.0839
68.613559, 2.1368
68.626986, 2.1898
68.646550, 2.2428
68.692053, 1.7836
68.735716, 2.4182
68.781462, 1.6748
68.800723, 2.2548
68.841027, 2.7800
68.884167, 3.2505
68.923102, 3.2505
68.935977, 4.0276
68.980123, 4.3340
69.023363, 4.5858
69.068545, 5.3289
69.087686, 5.9609
69.126340, 6.4816
69.170747, 6.8912
69.210166, 7.1896
69.223443, 7.0943
69.242755, 7.4091
69.286890, 5.5063
69.329075, 5.7646
69.367286, 5.7646
69.415667, 6.1118
69.456111, 6.1118
69.504109, 6.2330
69.542290, 6.2088
69.552972, 6.1282
69.597470, 6.2924
69.641787, 5.9105
69.684414, 5.5852
69.728348, 5.3163
69.772675, 4.0631
69.817837, 4.5609
69.862033, 5.0586
69.907396, 4.6809
69.950093, 5.0145
69.991704, 5.3481
70.031143, 5.6817
70.078950, 5.6817
70.118751, 6.3489
70.163772, 6.6825
70.202808, 7.0160
70.213801, 7.3496
70.259054, 5.7952
70.297838, 5.9353
70.337740, 6.0188
70.383113, 3.8849
70.424643, 3.6672
70.435395, 3.5060
70.480778, 3.4012
70.501136, 3.4012
70.546137, 3.3612
70.589579, 3.4259
70.634238, 3.5471
70.680114, 3.7248
70.722388, 3.9590
70.761606, 4.2496
70.803780, 4.0681
70.849917, 2.6102
70.889527, 2.0277
70.928875, 1.6093
70.942082, 0.4797
70.985443, 0.4797
71.024348, -0.5235
71.068051, -0.8636
71.108617, -0.8636
71.119842, -1.2208
71.141246, -1.2379
71.187614, -1.1473
71.208847, -0.9491
71.251585, -0.6432
71.295208, -0.2296
71.338720, 0.0000
71.381940, 0.0000
71.421268, 0.0000
71.462175, 0.0000
71.501604, 0.0000
71.518160, 0.0000
71.538638, 0.0000
71.582402, 0.0000
71.629203, 0.0000
71.671619, 0.0000
71.712697, 0.0000
71.751733, 0.0000
71.795859, 0.0000
71.833950, 0.0000
71.855454, 0.0000
71.868972, 0.0000
71.909387, 0.0000
71.956087, 0.0000
71.994490, 0.0000
72.038786, 0.0000
72.078658, 0.0000
72.089561, 0.0000
72.112685, 0.0000
72.158379, 0.0000
72.200081, 0.0000
72.245434, 0.0000
72.288302, 0.0000
72.329069, 0.0000
72.370106, 0.0000
72.409867, 0.0000
72.423164, 0.0000
72.443119, 0.0000
72.482809, 0.0000
72.523113, 0.0000
72.561475, 0.0000
72.576613, 0.0000
72.597585, 0.0000
72.643219, 0.0000
72.685363, 0.0000
72.724792, 0.0000
72.769380, 0.0000
72.809975, 0.0000
72.853628, 0.0000
72.895219, 0.0000
72.907621, 0.0000
72.952903, 0.0000
72.972406, 0.0000
73.016904, 0.0000
73.059129, 0.0000
73.107218, 0.0000
73.129255, 0.0000
73.173371, 0.0000
73.214047, 0.0000
73.253717, 0.0000
73.298918, 0.0000
73.338166, 0.0000
73.347138, 0.0000
73.392712, 0.0000
73.413895, 0.0000
73.459398, 0.0000
73.502196, 0.0000
73.546624, 0.0000
73.589412, 0.0000
73.628790, 0.0000
73.676778, 0.0000
73.723851, 0.0000
73.745386, 0.0000
73.788737, 0.0000
73.831142, 0.0000
73.870752, 0.0000
73.915481, 0.0000
73.956318, 0.0000
73.966447, 0.0000
73.989168, 0.0000
74.033344, 0.0000
74.073607, 0.0000
74.114937, 0.0000
74.156266, 0.0000
74.197385, 0.0000
74.211044, 0.0000
74.254476, 0.0000
74.294638, 0.0000
74.336199, 0.0000
74.381481, 0.0000
74.422006, 0.0000
74.466554, 0.0000
74.509393, 0.0000
74.556677, 0.0000
74.597785, 0.0000
74.644516, 0.0000
74.687927, 0.0000
74.733904, 0.0000
74.775454, 0.0000
74.824770, 0.0000
74.863374, 0.0000
74.903114, 0.0000
74.942824, 0.0000
74.961573, 0.0000
75.003536, 0.0000
75.047380, 0.0000
75.087744, 0.0000
75.132202, 0.0000
75.171459, 0.0000
75.223159, 0.0000
75.261581, 0.0000
75.308875, 0.0000
75.349088, 0.0000
75.392590, 0.0000
75.431657, 0.0000
75.444904, 0.0000
75.469768, 0.0000
75.512023, 0.0000
75.554579, 0.0000
75.593143, 0.0000
75.641513, 0.0000
75.679473, 0.0000
75.729905, 0.0000
75.768650, 0.0000
75.810683, 0.0000
75.849820, 0.0000
75.864988, 0.0000
75.886643, 0.0000
75.932509, 0.0000
75.952927, 0.0000
75.996560, 0.0000
76.041702, 0.0000
76.087346, 0.0000
76.128404, 0.0000
76.171051, 0.0000
76.215931, 0.0000
76.255732, 0.0000
76.299848, 0.0000
76.339870, 0.0000
76.350833, 0.0000
76.393933, 0.0000
76.432607, 0.0000
76.473273, 0.0000
76.512580, 0.0000
76.528613, 0.0000
76.548981, 0.0000
76.595591, 0.0000
76.616130, 0.0000
76.659864, 0.0000
76.681962, 0.0000
76.726731, 0.0000
76.767296, 0.0000
76.806825, 0.0000
76.854190, 0.0000
76.893307, 0.0000
76.944161, 0.0000
76.984404, 0.0000
77.028681, 0.0000
77.067446, 0.0000
77.080552, 0.0000
77.123350, 0.0000
77.164236, 0.0000
77.208654, 0.0000
77.252790, 0.0000
77.291313, 0.0000
77.333980, 0.0000
77.373942, 0.0000
77.387410, 0.0000
77.409407, 0.0000
77.449399, 0.0000
77.492981, 0.0000
77.531434, 0.0000
77.544409, 0.0000
77.564254, 0.0000
77.606710, 0.0000
77.648352, 0.0000
77.687911, 0.0000
77.738011, 0.0000
77.777078, 0.0000
77.819996, 0.0000
77.859495, 0.0000
77.875528, 0.0000
77.895826, 0.0000
77.939941, 0.0000
77.980929, 0.0000
78.019804, 0.0000
78.063729, 0.0000
78.103399, 0.0000
78.116756, 0.0000
78.139739, 0.0000
78.183563, 0.0000
78.205963, 0.0000
78.249314, 0.0000
78.291368, 0.0000
78.329660, 0.0000
78.375757, 0.0000
78.416332, 0.0000
78.464159, 0.0000
78.502863, 0.0000
78.511312, 0.0000
78.551364, 0.0000
78.595058, 0.0000
78.634335, 0.0000
78.647622, 0.0000
78.667407, 0.0000
78.711593, 0.0000
78.753365, 0.0000
78.792331, 0.0000
78.837060, 0.0000
78.878007, 0.0000
78.890288, 0.0000
78.910576, 0.0000
78.954520, 0.0000
78.997550, 0.0000
79.036898, 0.0000
79.078388, 0.0000
79.117847, 0.0000
79.131164, 0.0000
79.174737, 0.0000
79.218812, 0.0000
79.263430, 0.0000
79.305816, 0.0000
79.344520, 0.0000
79.393363, 0.0000
79.431806, 0.0000
79.479070, 0.0000
79.517110, 0.0000
79.529794, 0.0000
79.572461, 0.0000
79.614646, 0.0000
79.655905, 0.0000
79.688926, 0.0000
79.729401, 0.0000
79.748310, 0.0000
79.771042, 0.0000
79.815902, 0.0000
79.857010, 0.0000
79.895553, 0.0000
79.937466, 0.0000
79.977247, 0.0000
79.992073, 0.0000
80.014462, 0.0000
80.059805, 0.0000
80.080636, 0.0000
80.124570, 0.0000
80.170758, 0.0000
80.214823, 0.0000
80.256797, 0.0000
80.302170, 0.0000
80.323040, 0.0000
80.366472, 0.0000
80.407148, 0.0000
80.446979, 0.0000
80.497843, 0.0000
80.536316, 0.0000
80.578239, 0.0000
80.616813, 0.0000
80.633791, 0.0000
80.678038, 0.0000
80.718341, 0.0000
80.757528, 0.0000
80.806281, 0.0000
80.845015, 0.0000
80.892792, 0.0000
80.931637, 0.0000
80.939825, 0.0000
80.986958, 0.0000
81.029373, 0.0000
81.072644, 0.0000
81.112324, 0.0000
81.152527, 0.0000
81.192277, 0.0000
81.231475, 0.0000
81.250223, 0.0000
81.272120, 0.0000
81.316749, 0.0000
81.356439, 0.0000
81.396370, 0.0000
81.439862, 0.0000
81.479954, 0.0000
81.494670, 0.0000
81.515168, 0.0000
81.559656, 0.0000
81.602766, 0.0000
81.645001, 0.0000
81.687769, 0.0000
81.727579, 0.0000
81.772872, 0.0000
81.812119, 0.0000
81.823505, 0.0000
81.846005, 0.0000
81.890544, 0.0000
81.934186, 0.0000
81.978825, 0.0000
82.000732, 0.0000
82.044425, 0.0000
82.091086, 0.0000
82.132616, 0.0000
82.173332, 0.0000
82.212147, 0.0000
82.262640, 0.0000
82.303436, 0.0000
82.347823, 0.0000
82.386528, 0.0000
82.399342, 0.0000
82.420293, 0.0000
82.465998, 0.0000
82.486909, 0.0000
82.531568, 0.0000
82.575402, 0.0000
82.618180, 0.0000
82.662265, 0.0000
82.708222, 0.0000
82.749662, 0.0000
82.789493, 0.0000
82.828599, 0.0000
82.839422, 0.0000
82.884413, 0.0000
82.924324, 0.0000
82.965503, 0.0000
83.010745, 0.0000
83.049791, 0.0000
83.058009, 0.0000
83.096823, 0.0000
83.140939, 0.0000
83.180227, 0.0000
83.191281, 0.0000
83.216185, 0.0000
83.261015, 0.0000
83.282892, 0.0000
83.326404, 0.0000
83.366406, 0.0000
83.405744, 0.0000
83.450302, 0.0000
83.488905, 0.0000
83.527841, 0.0000
83.546006, 0.0000
83.569824, 0.0000
83.612059, 0.0000
83.653348, 0.0000
83.692606, 0.0000
83.735826, 0.0000
83.775567, 0.0000
83.788441, 0.0000
83.834065, 0.0000
83.877065, 0.0000
83.920828, 0.0000
83.965467, 0.0000
84.010971, 0.0000
84.051767, 0.0000
84.093780, 0.0000
84.139636, 0.0000
84.179769, 0.0000
84.222355, 0.0000
84.261160, 0.0000
84.273884, 0.0000
84.298185, 0.0000
84.341526, 0.0000
84.361904, 0.0000
84.406503, 0.0000
84.449803, 0.0000
84.488286, 0.0000
84.531326, 0.0000
84.569970, 0.0000
84.582875, 0.0000
84.628740, 0.0000
84.670140, 0.0000
84.709458, 0.0000
84.755917, 0.0000
84.795004, 0.0000
84.847387, 0.0000
84.887942, 0.0000
84.926647, 0.0000
84.965441, 0.0000
84.981816, 0.0000
85.026505, 0.0000
85.069273, 0.0000
85.114395, 0.0000
85.154960, 0.0000
85.193010, 0.0000
85.236230, 0.0000
85.275257, 0.0000
85.290425, 0.0000
85.312784, 0.0000
85.357704, 0.0000
85.398239, 0.0000
85.439549, 0.0000
85.487054, 0.0000
85.526271, 0.0000
85.572248, 0.0000
85.610529, 0.0000
85.620819, 0.0000
85.643309, 0.0000
85.687495, 0.0000
85.732536, 0.0000
85.776320, 0.0000
85.817609, 0.0000
85.856967, 0.0000
85.903004, 0.0000
85.942815, 0.0000
85.997039, 0.0000
86.040390, 0.0000
86.081267, 0.0000
86.120163, 0.0000
86.162186, 0.0000
86.201926, 0.0000
86.217798, 0.0000
86.237724, 0.0000
86.282735, 0.0000
86.328842, 0.0000
86.370926, 0.0000
86.392863, 0.0000
86.437441, 0.0000
86.479947, 0.0000
86.520794, 0.0000
86.561902, 0.0000
86.600808, 0.0000
86.614879, 0.0000
86.657396, 0.0000
86.700526, 0.0000
86.739139, 0.0000
86.783215, 0.0000
86.824373, 0.0000
86.832611, 0.0000
86.871335, 0.0000
86.915984, 0.0000
86.956509, 0.0000
86.967040, 0.0000
86.990405, 0.0000
87.033133, 0.0000
87.078808, 0.0000
87.120680, 0.0000
87.162472, 0.0000
87.201106, 0.0000
87.245121, 0.0000
87.284590, 0.0000
87.298038, 0.0000
87.321363, 0.0000
87.364302, 0.0000
87.407864, 0.0000
87.451386, 0.0000
87.495110, 0.0000
87.533412, 0.0000
87.578201, 0.0000
87.616423, 0.0000
87.627527, 0.0000
87.667680, 0.0000
87.711584, 0.0000
87.752793, 0.0000
87.807611, 0.0000
87.849443, 0.0000
87.895490, 0.0000
87.938067, 0.0000
87.960728, 0.0000
88.003626, 0.0000
88.027324, 0.0000
88.071862, 0.0000
88.111029, 0.0000
88.149974, 0.0000
88.195146, 0.0000
88.234193, 0.0000
88.248676, 0.0000
88.269155, 0.0000
88.314669, 0.0000
88.354862, 0.0000
88.393546, 0.0000
88.502668, 0.0000
88.565321, 0.0000
88.614486, 0.0000
88.656087, 0.0000
88.664224, 0.0000
88.689239, 0.0000
88.734411, 0.0000
88.756207, 0.0000
88.799941, 0.0000
88.820641, 0.0000
88.865400, 0.0000
88.908490, 0.0000
88.954537, 0.0000
88.998874, 0.0000
89.042939, 0.0000
89.063076, 0.0000
89.107543, 0.0000
89.149426, 0.0000
89.189941, 0.0000
89.233010, 0.0000
89.274913, 0.0000
89.283050, 0.0000
89.328725, 0.0000
89.374279, 0.0000
89.416634, 0.0000
89.458457, 0.0000
89.497895, 0.0000
89.539707, 0.0000
89.578583, 0.0000
89.591870, 0.0000
89.616543, 0.0000
89.659220, 0.0000
89.700640, 0.0000
89.741969, 0.0000
89.784788, 0.0000
89.824830, 0.0000
89.837573, 0.0000
89.857187, 0.0000
89.894755, 0.0000
89.939283, 0.0000
89.977675, 0.0000
89.990550, 0.0000
90.012829, 0.0000
90.055315, 0.0000
90.100256, 0.0000
90.140941, 0.0000
90.184101, 0.0000
90.224737, 0.0000
90.274898, 0.0000
90.314195, 0.0000
90.355193, 0.0000
90.366106, 0.0000
90.389451, 0.0000
90.434241, 0.0000
90.455866, 0.0000
90.499761, 0.0000
90.540989, 0.0000
90.583254, 0.0000
90.627913, 0.0000
90.666537, 0.0000
90.707675, 0.0000
90.720872, 0.0000
90.741371, 0.0000
90.784128, 0.0000
90.827872, 0.0000
90.867260, 0.0000
90.911728, 0.0000
90.951810, 0.0000
90.961245, 0.0000
91.007613, 0.0000
91.049566, 0.0000
91.094497, 0.0000
91.137043, 0.0000
91.175355, 0.0000
91.222358, 0.0000
91.261635, 0.0000
91.270356, 0.0000
91.293812, 0.0000
91.336610, 0.0000
91.358135, 0.0000
91.402904, 0.0000
91.444585, 0.0000
91.483913, 0.0000
91.532998, 0.0000
91.574267, 0.0000
91.620535, 0.0000
91.658968, 0.0000
91.708998, 0.0000
91.747712, 0.0000
91.790178, 0.0000
91.828963, 0.0000
91.844473, 0.0000
91.867456, 0.0000
91.911431, 0.0000
91.956653, 0.0000
91.998324, 0.0000
92.040187, 0.0000
92.080209, 0.0000
92.121971, 0.0000
92.164879, 0.0000
92.175018, 0.0000
92.196935, 0.0000
92.242006, 0.0000
92.285458, 0.0000
92.330660, 0.0000
92.374645, 0.0000
92.419998, 0.0000
92.441130, 0.0000
92.486473, 0.0000
92.505664, 0.0000
92.551349, 0.0000
92.593312, 0.0000
92.632087, 0.0000
92.678325, 0.0000
92.720589, 0.0000
92.763045, 0.0000
92.802635, 0.0000
92.813880, 0.0000
92.860168, 0.0000
92.905893, 0.0000
92.926493, 0.0000
92.971966, 0.0000
93.012692, 0.0000
93.058105, 0.0000
93.101658, 0.0000
93.140503, 0.0000
93.178754, 0.0000
93.189486, 0.0000
93.212540, 0.0000
93.257440, 0.0000
93.300993, 0.0000
93.344867, 0.0000
93.387957, 0.0000
93.427154, 0.0000
93.471863, 0.0000
93.511492, 0.0000
93.519851, 0.0000
93.565505, 0.0000
93.609883, 0.0000
93.654079, 0.0000
93.692944, 0.0000
93.739343, 0.0000
93.778560, 0.0000
93.825039, 0.0000
93.865091, 0.0000
93.876306, 0.0000
93.896483, 0.0000
93.942892, 0.0000
93.985016, 0.0000
94.030610, 0.0000
94.052065, 0.0000
94.096452, 0.0000
94.137460, 0.0000
94.181485, 0.0000
94.223146, 0.0000
94.264264, 0.0000
94.305503, 0.0000
94.344771, 0.0000
94.360442, 0.0000
94.406549, 0.0000
94.427028, 0.0000
94.470268, 0.0000
94.515148, 0.0000
94.559173, 0.0000
94.603369, 0.0000
94.648722, 0.0000
94.689076, 0.0000
94.736933, 0.0000
94.758408, 0.0000
94.802745, 0.0000
94.844044, 0.0000
94.892113, 0.0000
94.913275, 0.0000
94.956224, 0.0000
94.998449, 0.0000
95.037404, 0.0000
95.081148, 0.0000
95.120385, 0.0000
95.133451, 0.0000
95.179608, 0.0000
95.218926, 0.0000
95.258475, 0.0000
95.305961, 0.0000
95.344715, 0.0000
95.387664, 0.0000
95.427042, 0.0000
95.442441, 0.0000
95.466129, 0.0000
95.508545, 0.0000
95.552368, 0.0000
95.596062, 0.0000
95.639041, 0.0000
95.677705, 0.0000
95.718340, 0.0000
95.758724, 0.0000
95.772826, 0.0000
95.796392, 0.0000
95.839341, 0.0000
95.883356, 0.0000
95.929132, 0.0000
95.972855, 0.0000
96.017202, 0.0000
96.057606, 0.0000
96.097638, 0.0000
96.141754, 0.0000
96.182057, 0.0000
96.192900, 0.0000
96.214787, 0.0000
96.259285, 0.0000
96.302505, 0.0000
96.346329, 0.0000
96.390465, 0.0000
96.430437, 0.0000
96.474462, 0.0000
96.515379, 0.0000
96.559796, 0.0000
96.598531, 0.0000
96.611717, 0.0000
96.656708, 0.0000
96.678011, 0.0000
96.722630, 0.0000
96.763577, 0.0000
96.803478, 0.0000
96.845089, 0.0000
96.884809, 0.0000
96.900661, 0.0000
96.922629, 0.0000
96.966955, 0.0000
97.010769, 0.0000
97.053095, 0.0000
97.094836, 0.0000
97.134074, 0.0000
97.176912, 0.0000
97.216964, 0.0000
97.230020, 0.0000
97.275755, 0.0000
97.296425, 0.0000
97.341958, 0.0000
97.361834, 0.0000
97.406844, 0.0000
97.448556, 0.0000
97.489513, 0.0000
97.529606, 0.0000
97.568843, 0.0000
97.584142, 0.0000
97.626487, 0.0000
97.669084, 0.0000
97.715503, 0.0000
97.756913, 0.0000
97.804559, 0.0000
97.825168, 0.0000
97.869988, 0.0000
97.893404, 0.0000
97.935327, 0.0000
97.977441, 0.0000
98.022411, 0.0000
98.046722, 0.0000
98.090214, 0.0000
98.130518, 0.0000
98.169785, 0.0000
98.178174, 0.0000
98.224492, 0.0000
98.246731, 0.0000
98.289509, 0.0000
98.331382, 0.0000
98.371152, 0.0000
98.414342, 0.0000
98.453942, 0.0000
98.467169, 0.0000
98.487607, 0.0000
98.532678, 0.0000
98.554656, 0.0000
98.598600, 0.0000
98.641841, 0.0000
98.682919, 0.0000
98.724550, 0.0000
98.765698, 0.0000
98.816191, 0.0000
98.855891, 0.0000
98.903507, 0.0000
98.943006, 0.0000
98.988872, 0.0000
99.028863, 0.0000
99.039736, 0.0000
99.062518, 0.0000
99.105568, 0.0000
99.148738, 0.0000
99.187835, 0.0000
99.231990, 0.0000
99.272053, 0.0000
99.282926, 0.0000
99.328419, 0.0000
99.372756, 0.0000
99.414176, 0.0000
99.456692, 0.0000
99.495467, 0.0000
99.538647, 0.0000
99.578518, 0.0000
99.592067, 0.0000
99.613240, 0.0000
99.658492, 0.0000
99.679966, 0.0000
99.723529, 0.0000
99.767594, 0.0000
99.812665, 0.0000
99.854105, 0.0000
99.894097, 0.0000
99.934904, 0.0000
99.974513, 0.0000
99.990234, 0.0000
100.010713, 0.0000
100.055543, 0.0000
100.098763, 0.0000
100.142899, 0.0000
100.186129, 0.0000
100.225357, 0.0000
100.268195, 0.0000
100.308770, 0.0000
100.320558, 0.0000
100.341459, 0.0000
100.385324, 0.0000
100.426935, 0.0000
100.468043, 0.0000
100.513074, 0.0000
100.552975, 0.0000
100.563667, 0.0000
100.584206, 0.0000
100.629478, 0.0000
100.670275, 0.0000
100.711292, 0.0000
100.757098, 0.0000
100.798498, 0.0000
100.841849, 0.0000
100.881810, 0.0000
100.895218, 0.0000
100.915174, 0.0000
100.960607, 0.0000
101.002792, 0.0000
101.048285, 0.0000
101.091465, 0.0000
101.136355, 0.0000
101.180099, 0.0000
101.218833, 0.0000
101.261863, 0.0000
101.300346, 0.0000
101.312919, 0.0000
101.335439, 0.0000
101.380138, 0.0000
101.421689, 0.0000
101.465402, 0.0000
101.508411, 2.4900
101.549228, 2.3664
101.591895, 2.4724
101.633365, 2.2958
101.644399, 2.3487
101.664959, 2.3487
101.708290, 1.6070
101.751570, 1.6070
101.792890, 1.7130
101.838514, 1.7130
101.879260, 1.8190
101.921807, 1.8719
101.961688, 1.9249
101.975840, 1.9779
101.996872, 2.0309
102.041893, 2.0839
102.085827, 2.1368
102.130245, 2.1898
102.153278, 2.2428
102.196177, 2.2958
102.216927, 2.3487
102.262038, 1.6070
102.304193, 1.6600
102.344305, 1.7130
102.386490, 1.7660
102.426833, 1.7660
102.440653, 1.8719
102.482948, 1.9249
102.505801, 1.9779
102.553286, 2.0309
102.570415, 2.0839
102.593328, 2.1368
102.637615, 2.1898
102.680443, 2.2428
102.725524, 1.7836
102.767839, 1.8896
102.807378, 1.7130
102.851655, 1.7660
102.896143, 1.8190
102.939263, 1.8719
102.979254, 1.8719
102.988136, 1.9779
103.010495, 2.0309
103.051252, 2.0839
103.094935, 2.1368
103.134846, 2.1898
103.143395, 2.2428
103.166872, 2.2958
103.212677, 2.3487
103.234423, 2.1192
103.277342, 2.1192
103.299359, 2.1192
103.345185, 2.1192
103.386313, 2.1192
103.426003, 2.1192
103.468982, 2.1192
103.508380, 2.1192
103.519253, 1.6070
103.541824, 1.1479
103.585698, 1.7825
103.628597, 1.3216
103.667533, 0.9138
103.711165, 0.5588
103.752988, 0.2569
103.762000, 0.0080
103.784973, -0.1880
103.830859, -0.3310
103.850392, -0.4210
103.894961, -0.4580
103.936934, -0.4421
103.975537, -0.3731
104.018929, -0.2512
104.060781, -0.3589
104.071343, -0.4666
104.115136, 0.0000
104.160831, 0.0000
104.201416, 0.0000
104.245059, 0.0000
104.356988, 0.0000
104.427325, 0.0000
104.448931, 0.0000
104.469500, 0.0000
104.514128, 0.0000
104.556977, 0.0000
104.600620, 0.0000
104.645007, 0.0000
104.689655, 0.0000
104.711130, 0.0000
104.755738, 0.0000
104.799975, 0.0000
104.846404, 0.0000
104.868230, 0.0000
104.910867, 0.0000
104.933941, 0.0000
104.976347, 0.0000
105.018913, 0.0000
105.059096, 0.0000
105.100587, 0.0000
105.140578, 0.0000
105.153614, 0.0000
105.197186, 0.0000
105.242962, 0.0000
105.285518, 2.3487
105.330127, 2.1192
105.373076, 2.1192
105.396099, 2.1192
105.440114, 2.1192
105.482349, 2.1192
105.521777, 2.1192
105.563660, 2.1192
105.607172, 2.1192
105.615943, 2.1192
105.638735, 2.1192
105.683253, 2.1192
105.726343, 2.1192
105.771786, 2.1192
105.810883, 1.6070
105.859394, 1.1479
105.900934, 0.7417
105.944959, 0.3885
105.987677, 0.0883
