0.031221, 0.0000
0.085626, 0.0000
0.131582, 0.0000
0.172258, 0.0000
0.219160, 0.0000
0.269783, 0.0000
0.309584, 0.0000
0.347856, 0.0000
0.359302, 0.0000
0.403076, 0.0000
0.448901, 0.0000
0.491005, 0.0000
0.532455, 0.0000
0.570908, 0.0000
0.621280, 0.0000
0.661262, 0.0000
0.707379, 0.0000
0.748085, 0.0000
0.790631, 0.0000
0.829829, 0.0000
0.846224, 0.0000
0.866411, 0.0000
0.910456, 0.0000
0.951413, 0.0000
0.991375, 21.8644
1.033026, 21.8644
1.072112, 21.8644
1.087200, 21.8644
1.109831, -1.9877
1.154470, -1.9877
1.199400, -1.9877
1.243214, -1.9877
1.283739, -1.9877
1.321156, -3.9753
1.370783, -3.9753
1.409497, -3.9753
1.460030, -3.9753
1.501621, -3.9753
1.546361, -3.9753
1.585175, -3.9753
1.593614, -3.9753
1.626103, 19.3896
1.666165, 19.3896
1.682168, 19.3896
1.721465, 19.3896
1.761809, 19.3896
1.805200, 19.3896
1.816104, 19.3896
1.839006, 19.3896
1.880416, 19.3896
1.923395, 19.3896
1.961798, 19.3896
2.006165, 19.3896
2.045694, 0.0000
2.057965, 0.0000
2.103942, 27.7329
2.144919, 27.7329
2.186118, 27.7329
2.230716, 27.7329
2.269300, 27.7329
2.280122, 27.7329
2.323936, 27.7329
2.368816, 27.7329
2.411494, 27.7329
2.457772, 27.7329
2.500892, 27.7329
2.542533, 27.7329
2.584114, 27.7329
2.625785, 27.7329
2.664942, 27.7329
2.705135, 27.7329
2.720152, 27.7329
2.744131, 27.7329
2.788207, 27.7329
2.829254, 0.0000
2.868160, 0.0000
2.914287, 0.0000
2.954963, 0.0000
3.000356, 0.0000
3.039684, 0.0000
3.053152, 0.0000
3.073490, 0.0000
3.118229, 0.0000
3.140246, 0.0000
3.185519, 0.0000
3.226174, 0.0000
3.266196, 0.0000
3.313692, 0.0000
3.352858, 0.0000
3.397507, 0.0000
3.437247, 0.0000
3.450635, 0.0000
3.471989, 0.0000
3.515622, 0.0000
3.556307, 0.0000
3.595494, 0.0000
3.640113, 0.0000
3.678727, 0.0000
3.691692, 0.0000
3.714343, 0.0000
3.757302, 0.0000
3.799668, 0.0000
3.837195, 0.0000
3.887889, 0.0000
3.926503, 0.0000
3.968154, 0.0000
4.007200, 0.0000
4.023535, 0.0000
4.044013, 0.0000
4.086942, 0.0000
4.134458, 0.0000
4.176562, 0.0000
4.219249, 0.0000
4.256917, 0.0000
4.307249, 0.0000
4.345068, 0.0000
4.395410, 0.0000
4.434335, 0.0000
4.476681, 0.0000
4.515154, 0.0000
4.530995, 0.0000
4.552912, 0.0000
4.598396, 16.4628
4.618814, 16.4628
4.662357, 16.4628
4.705024, 16.4628
4.746404, 16.4628
4.787311, 16.4628
4.827413, 16.4628
4.840288, 16.4628
4.861732, 16.4628
4.905274, 16.4628
4.949752, 16.4628
4.994129, -0.3918
5.038607, -0.3918
5.081747, -0.3242
5.125551, -0.3242
5.170531, -0.3107
5.216357, -0.1756
5.260633, 0.0000
5.281886, 0.0000
5.325791, 0.0000
5.366668, 0.0000
5.405935, 0.0000
5.449940, 0.0000
5.488544, 0.0000
5.500594, 0.0000
5.547516, 0.0000
5.588835, 0.0000
5.625669, 0.0000
5.668326, 0.0000
5.706668, 0.0000
5.722711, 0.0000
5.745131, 0.0000
5.790262, 0.0000
5.810721, 0.0000
5.854454, 0.0000
5.898962, 0.0000
5.942494, 0.0000
5.984156, 0.0000
6.022850, 0.0000
6.067288, 0.0000
6.107008, 0.0000
6.121924, 0.0000
6.140542, 0.0000
6.184185, 0.0000
6.225213, 0.0000
6.265959, 0.0000
6.310165, 0.0000
6.349362, 0.0000
6.362357, 0.0000
6.407258, 0.0000
6.447953, 0.0000
6.486638, 0.0000
6.533901, 0.0000
6.574326, 0.0000
6.618049, 0.0000
6.657457, 4.8386
6.671378, 5.0046
6.695377, 5.1706
6.739161, 4.2689
6.758835, 3.9463
6.804479, 4.0726
6.826406, 3.7920
6.870844, 3.7920
6.891091, 3.3572
6.936434, 2.4119
6.977844, 2.3815
7.016920, 2.3932
7.064476, 2.4470
7.102667, 2.5428
7.113601, 2.6807
7.136926, 2.6363
7.178396, 2.8163
7.219182, 3.0384
7.257384, 3.0782
7.266597, 3.1179
7.312885, 3.3821
7.355019, 3.4639
7.397677, 3.5458
7.435305, 3.6276
7.482418, 3.2730
7.521554, 3.2730
7.531291, 3.2730
7.573043, 3.2730
7.617279, 3.2730
7.665227, 2.4820
7.685997, 2.5639
7.729701, 1.8547
7.771965, 2.0184
7.810217, 2.1820
7.853438, 2.3457
7.891639, 2.5093
7.908949, 2.6730
7.951013, 2.8366
7.995149, 3.0003
8.039908, 33.4762
8.080966, 30.5041
8.119509, 27.5320
8.167075, 24.5599
8.205719, 21.5878
8.214490, 18.1793
8.237483, 15.1253
8.278752, 11.6350
8.324487, 8.4993
8.363403, 8.4993
8.409842, 2.2278
8.448938, 2.2278
8.457277, -4.0437
8.496403, -7.1795
8.540066, -10.3153
8.578942, 3.2730
8.592752, 3.2730
8.612707, 3.2730
8.658372, 32.4262
8.700446, 29.4103
8.738959, 26.3945
8.784000, 23.3786
8.823368, 20.3628
8.834724, 17.3469
8.878256, 14.3311
8.921607, 11.3153
8.961488, 8.2994
9.006248, 5.2836
9.053622, 2.2677
9.077400, -0.7481
9.100544, -3.7640
9.143473, -6.7798
9.186955, -9.7956
9.224573, 3.2730
9.263770, 3.6798
9.302605, 4.0445
9.321927, 4.3671
9.342667, 4.6477
9.386692, 4.4793
9.432045, 4.3110
9.475245, 4.1427
9.515981, 3.9744
9.553690, 3.8060
9.601909, 32.7909
9.641730, 29.2075
9.689718, 54.0949
9.728593, 47.2613
9.739738, 40.5096
9.785282, 33.8398
9.806575, 27.4761
9.848629, 21.2364
9.872115, 15.1206
9.915466, 42.6661
9.959612, 33.1043
10.001978, 57.1617
10.047823, 44.2942
10.093075, 59.2413
10.138338, 43.6685
10.181769, 44.2620
10.202278, 31.6484
10.245479, 34.7606
10.288880, 24.9529
10.326578, 15.1452
10.373098, 5.3375
10.413160, -4.4702
10.421861, -4.4702
10.466157, -4.4702
10.504851, -4.4702
10.548635, -4.4702
10.587963, -4.4702
10.599168, -4.4702
10.621618, 0.0000
10.667403, 0.0000
10.708532, 0.0000
10.751481, 0.0000
10.796512, 0.0000
10.838253, 0.0000
10.881434, 0.0000
10.919303, 0.0000
10.932369, 0.0000
10.977269, 0.0000
10.998200, 0.0000
11.043131, 0.0000
11.063710, 0.0000
11.109324, 0.0000
11.151569, 0.0000
11.194689, 0.0000
11.236501, 0.0000
11.275175, 0.0000
11.319733, 0.0000
11.357905, 0.0000
11.373958, 0.0000
11.394456, 0.0000
11.438311, 0.0000
11.479982, 0.0000
11.517711, 0.0000
11.525828, 0.0000
11.572981, 0.0000
11.614642, 0.0000
11.654966, 0.0000
11.698599, 0.0000
11.738540, 0.0000
11.785784, 0.0000
11.824941, 0.0000
11.836850, 0.0000
11.881418, -0.9832
11.922637, -0.9832
11.960476, -0.9832
12.001504, -0.9832
12.039766, -0.9832
12.058585, -0.9832
12.078933, -0.9832
12.124044, 0.0000
12.145498, 0.0000
12.188749, 0.0000
12.230783, 0.0000
12.268582, 0.0000
12.309680, 0.0000
12.347720, 0.0000
12.365372, 0.0000
12.387943, 0.0000
12.431958, 0.0000
12.475511, 0.0000
12.513229, 0.0000
12.556852, 0.0000
12.595395, 0.0000
12.608210, 0.0000
12.649861, 0.0000
12.693222, 0.0000
12.730810, 0.0000
12.739058, 0.0000
12.762534, 0.0000
12.806579, 0.0000
12.848019, 0.0000
12.886935, 0.0000
12.928968, 0.0000
12.968477, 0.0000
12.984188, 0.0000
13.027912, 0.0000
13.073787, 0.0000
13.117219, 0.0000
13.158539, 0.0000
13.196026, 0.0000
13.240001, 0.0000
13.277830, 0.0000
13.293058, 0.0000
13.315297, 0.0000
13.360137, 0.0000
13.381531, 0.0000
13.424419, 0.0000
13.467871, 0.0000
13.512661, 0.0000
13.535020, 0.0000
13.580665, 0.0000
13.603054, 0.0000
13.650590, 0.0000
13.665697, 0.0000
13.704884, 0.0000
13.746325, 0.0000
13.785441, 0.0000
13.801363, 0.0000
13.821862, 0.0000
13.864489, 0.0000
13.903727, 0.0000
13.941988, 0.0000
13.955738, 0.0000
13.997560, 0.0000
14.041857, 0.0000
14.082181, 0.0000
14.122283, 0.0000
14.164568, 0.0000
14.175874, 0.0000
14.196815, 0.0000
14.241574, 0.0000
14.283809, 0.0000
14.330429, 0.0000
14.353583, 0.0000
14.397307, 0.0000
14.437932, 0.0000
14.486192, 0.0000
14.507696, 0.0000
14.550042, 0.0000
14.593966, 0.0000
14.636332, 0.0000
14.680166, 0.0000
14.717683, 0.0000
14.726132, 0.0000
14.771012, 0.0000
14.793875, 0.0000
14.838171, 30.0742
14.859183, 24.4692
14.903530, 18.8643
14.946006, 13.2594
14.992988, 6.8634
15.035404, 16.2048
15.081552, 13.4688
15.126029, 10.7327
15.169159, 7.9967
15.211686, 4.8243
15.258688, 2.0064
15.279579, -0.8114
15.322840, -3.6293
15.365859, -3.6293
15.404231, -9.2650
15.447150, 3.3821
15.487916, 3.4639
15.498699, 3.5458
15.521843, 3.6276
15.565456, 3.2730
15.587503, 3.2730
15.633379, 3.2730
15.675443, 3.2730
15.720504, 3.2730
15.742673, 3.2730
15.785420, 3.2730
15.832855, 3.2730
15.876066, 3.2730
15.897530, 3.2730
15.940207, 3.2730
15.982935, 3.2730
16.029746, 3.2730
16.072353, 3.2730
16.119536, 3.2730
16.139935, 3.2730
16.183286, 3.2730
16.224987, 3.2730
16.263098, 3.2730
16.307878, 3.2730
16.346773, 3.2730
16.362162, 3.2730
16.404950, 3.2730
16.448301, 3.2730
16.491874, 2.4820
16.514958, 2.5639
16.559828, 2.6457
16.602404, 2.7275
16.649779, 31.9625
16.669825, 29.0285
16.715751, 53.0363
16.737266, 47.3152
16.778786, 41.5941
16.823636, 35.8730
16.867138, 30.1519
16.909293, 24.4308
16.948419, 18.7097
16.995100, 12.9886
17.033311, 7.2675
17.044174, 1.1099
17.065578, -4.6930
17.104594, -10.4959
17.147855, -16.2989
17.186740, -16.2989
17.198026, -8.8044
17.220566, 3.2730
17.258285, 3.2730
17.301284, 3.2730
17.340109, 3.2730
17.353527, 3.2730
17.376450, 3.2730
17.421541, 3.2730
17.460738, 3.2730
17.505357, 3.2730
17.547591, 3.2730
17.585582, 3.2730
17.596605, 3.2730
17.619126, 3.2730
17.663885, 3.2730
17.684988, 3.2730
17.727172, 31.3032
17.772756, 28.4036
17.815212, 24.7129
17.856572, 21.8951
17.896322, 19.0772
17.942289, 16.2593
17.980792, 13.4415
17.994763, 10.6236
18.017947, 7.8058
18.060091, 4.9879
18.101411, 2.1701
18.140316, -0.6478
18.186765, -3.4656
18.225801, -6.2835
18.234411, -9.1013
18.272763, 3.5458
18.314334, 3.6276
18.353873, 3.2730
18.369494, 3.2730
18.392487, 3.2730
18.434541, 3.2730
18.475810, 3.2730
18.515349, 3.2730
18.559052, 3.2730
18.598581, 3.2730
18.612723, 3.2730
18.656427, 3.2730
18.677549, 3.2730
18.715720, 3.2730
18.760359, 3.2730
18.798259, 3.2730
18.811415, 3.2730
18.855219, 3.2730
18.878443, 3.2730
18.922046, 2.8738
18.963536, 2.5159
19.001919, 1.8075
19.043751, 1.1810
19.082908, 0.6362
19.097040, 0.1733
19.119943, -0.2077
19.164028, -0.5070
19.184899, -0.7244
19.234869, -0.8601
19.251153, -0.9138
19.292684, -0.8858
19.336789, -0.7759
19.376278, -0.5842
19.420182, -0.3107
19.459138, -0.1756
19.471731, 0.0000
19.494161, 0.0000
19.537452, 0.0000
19.580531, 0.0000
19.619165, 0.0000
19.664659, 0.0000
19.702126, 0.0000
19.714880, 0.0000
19.737340, 0.0000
19.781607, 0.0000
19.803544, 0.0000
19.847247, 0.0000
19.888697, 0.0000
19.927049, 0.0000
19.977492, 0.0000
20.015200, 0.0000
20.060231, 0.0000
20.098925, 0.0000
20.112534, 0.0000
20.157304, 0.0000
20.198070, 0.0000
20.237689, 0.0000
20.278375, 0.0000
20.317794, 0.0000
20.357061, 0.0000
20.398069, 0.0000
20.441048, 0.0000
20.482428, 0.0000
20.520538, 0.0000
20.533815, 0.0000
20.575769, 0.0000
20.618969, 0.0000
20.659172, 0.0000
20.701718, -12.4320
20.741167, -12.4320
20.752201, -12.4320
20.793923, -12.4320
20.835463, -12.4320
20.872679, 0.0000
20.885443, 0.0000
20.929408, 0.0000
20.952713, 0.0000
20.995018, 0.0000
21.038832, 0.0000
21.080433, 0.0000
21.125755, 0.0000
21.164128, 0.0000
21.206041, 0.0000
21.245630, 0.0000
21.259209, 0.0000
21.299150, 0.0000
21.344835, 0.0000
21.384444, 0.0000
21.424406, 0.0000
21.463895, 0.0000
21.482271, 0.0000
21.524778, 0.0000
21.568380, 0.0000
21.604962, 0.0000
21.649591, 0.0000
21.687822, 0.0000
21.702055, 0.0000
21.725058, 0.0000
21.768299, 0.0000
21.810493, 0.0000
21.847689, 0.0000
21.894520, 0.0000
21.931162, 0.0000
21.945415, 0.0000
21.965964, 0.0000
22.009295, 0.0000
22.050072, 0.0000
22.088373, 0.0000
22.099488, 0.0000
22.120097, 0.0000
22.159988, 0.0000
22.206035, 0.0000
22.244840, 0.0000
22.293804, 0.0000
22.332468, 0.0000
22.376785, 0.0000
22.415006, 0.0000
22.431160, 0.0000
22.475416, 0.0000
22.516273, 0.0000
22.554806, 0.0000
22.599576, 0.0000
22.637606, 0.0000
22.651305, 0.0000
22.673564, 0.0000
22.718545, 0.0000
22.737505, 0.0000
22.776410, 0.0000
22.817659, 0.0000
22.856213, 0.0000
22.871471, 0.0000
22.895269, 3.2730
22.937474, 3.2730
22.977988, 2.8738
23.016894, 2.5159
23.064801, 2.5985
23.105709, 2.6811
23.148376, 2.3645
23.187935, 2.0892
23.201333, 1.8552
23.224668, 1.6625
23.270242, 1.5111
23.291525, 1.4010
23.335681, 1.3321
23.359107, 1.7038
23.401895, 2.0755
23.423470, 2.4471
23.466348, 2.8188
23.488718, 2.9702
23.533809, 2.2893
23.554942, 2.6602
23.592509, 3.0311
23.631183, 3.1818
23.644591, 3.2911
23.685176, 3.3592
23.726083, 3.3859
23.767352, 3.3714
23.805423, 3.3156
23.820913, 3.2185
23.842669, 3.3003
23.886463, 3.3821
23.927973, 3.4639
23.966617, 3.5458
24.009144, 3.6276
24.047707, 3.2730
24.063871, 3.2730
24.109223, 3.2730
24.130165, 3.2730
24.172490, 3.2730
24.215660, 3.2730
24.253479, 3.2730
24.297444, 3.2730
24.336340, 3.2730
24.351880, 3.2730
24.372167, 3.2730
24.416685, 2.4820
24.458880, 2.5639
24.501647, 2.6457
24.546809, 2.7275
24.585383, 2.8093
24.627054, 2.8912
24.666090, 2.5738
24.682395, 2.6969
24.727033, 2.8200
24.766351, 2.9432
24.806916, 3.0663
24.849895, 2.7902
24.890913, 2.5554
24.902239, 2.3620
24.946435, 32.9212
24.989504, 29.1969
25.028621, 25.8685
25.073008, 22.5813
25.112236, 19.3354
25.120805, 19.3354
25.165373, 12.9676
25.205184, 9.6253
25.247248, 6.5033
25.286395, 3.4226
25.300587, 0.3832
25.321699, -2.6149
25.364578, -5.7919
25.409860, -9.3607
25.453744, -12.4973
25.496613, 1.3105
25.533979, 1.3510
25.581012, 1.3915
25.620179, 1.4321
25.628779, 1.4726
25.672361, 1.1213
25.718318, 1.2024
25.757263, 1.2835
25.798019, 1.3645
25.837176, 1.4456
25.850463, 1.5266
25.874724, 1.6077
25.919242, 1.6888
25.938876, 1.5537
25.981251, 1.2024
26.024934, 1.2835
26.063598, 1.3645
26.109746, 1.3645
26.148329, 1.5266
26.161868, 1.6077
26.203730, 1.4726
26.247836, 1.5131
26.292193, 1.1619
26.335544, 1.2429
26.373544, 1.2429
26.414763, 1.4050
26.456183, 1.4861
26.469289, 1.5672
26.490281, 1.6482
26.532958, 1.1213
26.576661, 1.2024
26.615778, 1.2835
26.661865, 1.3645
26.700660, 1.3645
26.712116, 1.5266
26.755960, 1.6077
26.797320, 1.6888
26.837412, 1.5537
26.880864, 1.5942
26.920323, 1.6347
26.932191, 1.6752
26.976347, 1.6752
27.019699, 1.4050
27.061380, 1.4861
27.108272, 1.3510
27.153816, 32.1030
27.174445, 28.9665
27.212244, 25.8300
27.256330, 25.8300
27.294662, 19.5569
27.307909, 16.4204
27.351652, 43.9953
27.397508, 38.0810
27.440829, 32.5321
27.483888, 26.8998
27.522200, 21.1842
27.563781, 15.1690
27.603129, 9.2461
27.618136, 3.2398
27.638122, -3.2567
27.680960, -3.2567
27.721928, 3.4454
27.760582, 0.4487
27.771656, -2.6315
27.792396, -5.7950
27.834792, -10.2397
27.881120, 3.4982
27.924683, 2.4080
27.966274, 2.4150
28.005984, 2.4641
28.047886, 2.5553
28.086903, 2.6885
28.100662, 2.8639
28.147353, 3.0813
28.190825, 3.1164
28.234950, 2.7150
28.280303, 2.1017
28.325224, 2.4033
28.366815, 2.7470
28.408436, 2.7470
28.446285, 2.8997
28.494816, 9.7455
28.533490, 8.8004
28.544474, 7.8106
28.564832, 7.8106
28.604381, 5.9550
28.653868, 5.9550
28.699251, 32.6940
28.743286, 28.5779
28.786386, 24.5437
28.830562, 20.5913
28.875381, 16.2844
28.916510, 12.4138
28.954389, 8.6251
29.000879, 4.9182
29.039271, 4.9182
29.050255, 1.3359
29.097066, 30.8472
29.138375, 24.5783
29.177472, 18.3500
29.222734, 12.1621
29.261207, 6.0148
29.272472, 15.5933
29.295013, 12.2519
29.340084, 8.9104
29.361297, 5.5690
29.405574, 2.2276
29.448935, 2.2276
29.492236, 2.2276
29.535466, 2.2276
29.574181, 2.2276
29.621606, 2.2276
29.659043, 2.2276
29.667723, 2.2276
29.690887, 2.2276
29.733574, 2.2276
29.776895, 27.8857
29.815459, 27.8857
29.854002, 27.8857
29.867370, 27.8857
29.892113, 27.8857
29.933603, 27.8857
29.977055, 27.8857
30.016464, 27.8857
30.061897, 27.8857
30.101325, 27.8857
30.112098, 27.8857
30.134317, 27.8857
30.176471, 27.8857
30.217670, 27.8857
30.255881, 27.8857
30.305327, 27.8857
30.344645, 27.8857
30.391909, 27.8857
30.431499, 45.9726
30.439676, 45.9726
30.464148, 45.9726
30.508736, 45.9726
30.549875, 45.9726
30.590631, 45.9726
30.629798, 45.9726
30.640701, 45.9726
30.686094, 45.9726
30.708645, 45.9726
30.750567, 45.9726
30.793919, 45.9726
30.833307, 45.9726
30.875713, 45.9726
30.913783, 45.9726
30.927191, 45.9726
30.949913, 0.0000
30.994692, 0.0000
31.017384, 0.0000
31.059568, 0.0000
31.099761, 0.0000
31.138576, 0.0000
31.189722, 0.0000
31.226988, 0.0000
31.235286, 0.0000
31.274051, 0.0000
31.319394, 0.0000
31.357303, 0.0000
31.368488, 0.0000
31.390677, 0.0000
31.434511, 0.0000
31.477047, 0.0000
31.515973, 0.0000
31.564685, 0.0000
31.603007, 0.0000
31.646217, 0.0000
31.686239, 0.0000
31.699365, 0.0000
31.721413, 0.0000
31.762803, 0.0000
31.808679, 0.0000
31.849013, 1.3509
31.892585, 1.3509
31.931169, 1.3509
31.942886, 1.3509
31.964341, 1.3509
32.008929, 1.3509
32.031269, 1.3509
32.074077, 1.3509
32.098770, 3.2730
32.141729, 2.8738
32.162549, 2.5159
32.207520, 2.1993
32.250056, 1.9240
32.295329, 1.2982
32.318161, 1.1461
32.362065, 1.0352
32.383027, 0.9656
32.422767, 0.9373
32.464107, 0.9503
32.504098, 1.0046
32.516068, 1.1002
32.556613, 1.2371
32.596283, 2.2212
32.637260, 3.1633
32.678036, 3.8430
32.694713, 4.4394
32.714518, 4.9524
32.759398, 5.3820
32.802628, 5.5121
32.846674, 4.9285
32.890105, 4.3448
32.930540, 3.7612
32.974786, 3.7612
33.013209, 2.5939
33.023005, 2.0103
33.046119, 1.4267
33.091834, 0.8430
33.111558, 0.7041
33.156901, 0.6485
33.178838, 0.6763
33.224443, 0.7874
33.244197, 0.9820
33.289027, 30.8122
33.328838, 28.1164
33.368749, 25.0593
33.413589, 22.0021
33.454435, 18.9450
33.465349, 15.8879
33.488030, 12.8307
33.532467, 9.7736
33.575638, 6.7164
33.619441, 3.6593
33.663446, 0.6022
33.706928, -2.8468
33.731782, -5.8634
33.774772, -8.8800
33.817580, -11.8966
33.856566, 1.3915
33.900058, 1.4321
33.939466, 1.4726
33.978572, 1.1213
33.997060, 0.8106
34.017196, 0.5404
34.062056, 0.3107
34.104542, 0.1216
34.146606, -0.0270
34.189424, -0.1351
34.229034, -0.2027
34.274759, 30.6574
34.313513, 27.4128
34.326348, 24.2088
34.349462, 21.0452
34.394452, 21.0452
34.415001, 14.8397
34.459177, 11.7978
34.502136, 8.5802
34.546715, 36.4659
34.590780, 30.0307
34.629012, 23.5956
34.672866, 23.5956
34.713270, 23.5956
34.723590, 23.5956
34.746704, 23.5956
34.788717, 23.5956
34.831716, 23.5956
34.870541, 23.5956
34.916598, 23.5956
34.955302, -4.2901
34.966215, -4.2901
35.012876, -4.2901
35.033646, -4.2901
35.076193, -4.2901
35.098321, -4.2901
35.142427, -4.2901
35.188846, -4.2901
35.232388, 31.2771
35.274401, 31.2771
35.313427, 31.2771
35.356145, 31.2771
35.394749, 31.2771
35.407623, 31.2771
35.452886, 31.2771
35.496156, 31.2771
35.539347, 31.2771
35.580586, 31.2771
35.618706, 31.2771
35.627266, 31.2771
35.666171, 31.2771
35.710156, 0.0000
35.748639, 0.0000
35.759160, 0.0000
35.798036, 0.0000
35.846356, 0.0000
35.883943, 0.0000
35.892181, 0.0000
36.026540, 0.0000
36.096404, 0.0000
36.115525, 0.0000
36.135773, 0.0000
36.181296, 0.0000
36.224436, 0.0000
36.264911, 0.0000
36.308252, 0.0000
36.348002, 0.0000
36.398696, 0.0000
36.437028, 0.0000
36.479122, 0.0000
36.517313, 0.0000
36.532622, 0.0000
36.575802, 0.0000
36.614678, 0.0000
36.653462, 0.0000
36.664456, 0.0000
36.707707, 0.0000
36.745445, 0.0000
36.793735, 0.0000
36.832621, 0.0000
36.843473, 0.0000
36.864304, 6.9568
36.910693, 6.9568
36.931735, 6.9568
36.974553, 6.9568
37.019292, 6.9568
37.063981, 4.9692
37.106920, 4.9692
37.151539, 4.9692
37.192908, 4.9692
37.230929, 4.9692
37.280627, 4.9692
37.319442, 4.9692
37.363658, 4.9692
37.403539, 4.9692
37.415900, 4.9692
37.438894, 4.9692
37.482345, 12.8448
37.526280, 12.8448
37.564270, 12.8448
37.608386, 12.8448
37.647100, 12.8448
37.705790, 12.8448
37.748126, 12.8448
37.791809, 12.8448
37.837554, 12.8448
37.858364, 12.8448
37.903285, 0.0000
37.946294, 0.0000
37.990389, 0.0000
38.033590, 0.0000
38.073239, 0.0000
38.112919, 0.0000
38.152197, 0.0000
38.167536, 0.0000
38.188387, 0.0000
38.232744, 0.0000
38.276920, 0.0000
38.321880, 0.0000
38.363149, 0.0000
38.406551, 0.0000
38.448715, 0.0000
38.488093, 0.0000
38.526918, 0.0000
38.543263, 0.0000
38.563903, 0.0000
38.609507, 0.0000
38.651269, 0.0000
38.697537, 0.0000
38.742498, 0.0000
38.784632, 0.0000
38.826082, 0.0000
38.865530, 0.0000
38.909727, 0.0000
38.948270, 0.0000
38.961436, 5.6656
38.982780, 5.6656
39.024130, 5.4472
39.068456, 5.4332
39.107855, 5.3771
39.152413, 5.2789
39.191449, 5.1386
39.230465, 4.9563
39.247474, 4.9563
39.270397, 4.5495
39.316685, 4.1848
39.337747, 3.8621
39.380042, 3.5816
39.426048, 3.3431
39.469309, 3.1468
39.513475, 2.9925
39.557400, 33.1925
39.601173, 29.9866
39.645208, 26.0318
39.688238, 22.9919
39.732897, 19.2032
39.775121, 16.3292
39.815425, 13.4974
39.857207, 10.7077
39.895106, 7.7356
39.911019, 4.7635
39.955879, 1.7914
39.999914, -1.1807
40.043486, -4.5520
40.084574, -7.8820
40.123802, -11.1707
40.171488, 2.3059
40.211279, 2.2355
40.255394, 1.7701
40.295034, 1.7005
40.308904, 1.2358
40.351270, 1.1670
40.395285, 1.1670
40.433889, 1.1532
40.478437, 1.1532
40.517050, 1.3046
40.528135, 1.4423
40.574875, 1.6212
40.593946, 1.6212
40.637126, 1.2294
40.681503, 1.2699
40.720157, 1.3105
40.763981, 1.3510
40.802082, 1.3915
40.815560, 1.4321
40.838855, 1.4726
40.881251, 1.5131
40.925990, 1.5537
40.969854, 1.5942
41.013739, 1.6347
41.058659, 1.2835
41.100823, 1.3645
41.139246, 1.4456
41.177729, 1.5266
41.190996, 1.3915
41.235876, 1.4321
41.279881, 1.4726
41.323272, 1.5131
41.367247, 1.5131
41.411061, 1.5942
41.455187, 1.6347
41.500821, 32.3867
41.543036, 29.6494
41.581700, 26.4716
41.629255, 23.2937
41.671078, 19.8998
41.713192, 16.6814
41.753787, 13.4631
41.764408, 10.2447
41.808262, 10.2447
41.852127, 3.8081
41.895880, 0.1979
41.942641, -2.9799
41.984494, -6.1577
42.007115, -9.3355
42.052005, -12.5133
42.095879, 1.2531
42.139954, 1.4726
42.161972, 1.5131
42.205182, 2.3596
42.249067, 2.3168
42.287298, 2.2739
42.334482, 2.6303
42.372613, 2.9453
42.381685, 3.2191
42.427642, 2.6605
42.470540, 1.9264
42.514334, 1.4084
42.556991, 1.3227
42.596108, 1.2371
42.637880, 1.2371
42.677077, 0.3227
42.691068, -0.0737
42.714303, -0.4296
42.758911, -0.3003
42.802192, -0.4917
42.844567, -0.6426
42.888180, -0.5328
42.926724, -0.3411
42.970628, -0.0676
43.009624, -0.1486
43.023042, -0.2297
43.045522, -0.3107
43.089215, -0.1756
43.130082, -0.1756
43.168786, -0.1756
43.213928, -0.1756
43.252733, 0.0000
43.265647, 0.0000
43.286689, 0.0000
43.330473, 0.0000
43.375222, 0.0000
43.417819, 0.0000
43.462096, 0.0000
43.505367, 0.0000
43.549442, 0.0000
43.587432, 0.0000
43.595730, 0.0000
43.642230, 0.0000
43.683237, 0.0000
43.729696, 0.0000
43.772193, 0.0000
43.813200, 0.0000
43.852830, 0.0000
43.896614, 0.0000
43.935791, 0.0000
43.949651, 0.0000
43.973258, 0.0000
44.015995, 0.0000
44.057707, 0.0000
44.096442, 0.0000
44.141020, 0.0000
44.179835, 0.0000
44.192880, 0.0000
44.214606, 0.0000
44.258169, 0.0000
44.299850, 0.0000
44.338575, 0.0000
44.384290, 0.0000
44.425720, 0.0000
44.434370, 0.0000
44.480819, 0.0000
44.520760, 0.0000
44.564584, 0.0000
44.609052, 0.0000
44.647716, 0.0000
44.697122, 0.0000
44.736470, 0.0000
44.780847, 0.0000
44.820095, 0.0000
44.831451, 0.0000
44.871090, 0.0000
44.918133, 0.0000
44.956867, 0.0000
45.001898, 0.0000
45.039979, 0.0000
45.054252, 0.0000
45.096919, 0.0000
45.140793, 0.0000
45.184386, 0.0000
45.231318, 0.0000
45.274518, 0.0000
45.297763, 0.0000
45.340571, 0.0000
45.383982, 0.0000
45.422003, 0.0000
45.463644, 0.0000
45.507770, 0.0000
45.551654, 0.0000
45.592752, 0.0000
45.604309, 0.0000
45.648566, 0.0000
45.671981, 0.0000
45.716912, 0.0000
45.737591, 0.0000
45.781043, 0.0000
45.825199, 0.0000
45.871155, 0.0000
45.912606, 0.0000
45.951652, 0.0000
45.995707, 0.0000
46.035387, 0.0000
46.047336, 0.0000
46.067835, 0.0000
46.113278, 0.0000
46.154517, 0.0000
46.195585, 0.0000
46.237166, 0.0000
46.276212, 0.0000
46.289308, 0.0000
46.312805, 0.0000
46.354868, 0.0000
46.396841, 0.0000
46.435506, 0.0000
46.480838, 0.0000
46.520116, 0.0000
46.531723, 0.0000
46.577539, 0.0000
46.621604, 0.0000
46.663728, 0.0000
46.708065, 0.0000
46.752311, 0.0000
46.795813, 0.0000
46.834809, 0.0000
46.882254, 0.0000
46.921180, 0.0000
46.964169, 0.0000
47.004141, 0.0000
47.017236, 0.0000
47.039576, 0.0000
47.084275, 0.0000
47.128722, 0.0000
47.173230, 0.0000
47.214731, 0.0000
47.253314, 0.0000
47.298647, 0.0000
47.337321, 0.0000
47.348687, 0.0000
47.372646, 0.0000
47.414418, 0.0000
47.457638, 0.0000
47.501372, 0.0000
47.540046, 0.0000
47.579867, 0.0000
47.593073, 0.0000
47.612999, 0.0000
47.655817, 0.0000
47.681656, 0.0000
47.723278, 0.0000
47.765925, 0.0000
47.804931, 0.0000
47.846834, 0.0000
47.885900, 0.0000
47.902174, 0.0000
47.923508, 0.0000
47.967231, 0.0000
48.008380, 0.0000
48.050906, 0.0000
48.095977, 0.0000
48.135436, 0.0000
48.180165, 0.0000
48.220589, 0.0000
48.232529, 0.0000
48.276212, 0.0000
48.296590, 0.0000
48.336048, 0.0000
48.384771, 0.0000
48.423676, 0.0000
48.471202, 0.0000
48.509996, 0.0000
48.554675, 0.0000
48.593028, 0.0000
48.607320, 0.0000
48.650943, 0.0000
48.672136, 0.0000
48.717599, 0.0000
48.761122, 0.0000
48.807148, 0.0000
48.827486, 0.0000
48.872879, 0.0000
48.911915, 0.0000
48.954341, 0.0000
48.998738, 0.0000
49.038117, 0.0000
49.046727, 0.0000
49.071440, 0.0000
49.115787, 0.0000
49.160526, 0.0000
49.205255, 0.0000
49.224145, 0.0000
49.266309, 0.0000
49.310425, 0.0000
49.347932, 0.0000
49.356240, 0.0000
49.395608, 0.0000
49.438527, 0.0000
49.477291, 0.0000
49.488235, 0.0000
49.511309, 0.0000
49.555686, 0.0000
49.598152, 0.0000
49.641734, 0.0000
49.683325, 0.0000
49.722130, 0.0000
49.730821, 0.0000
49.772522, 0.0000
49.815803, 0.0000
49.854045, 0.0000
49.862805, 0.0000
49.900715, 0.0000
49.948200, 0.0000
49.990586, 0.0000
50.030487, 0.0000
50.070278, 0.0000
50.086542, 0.0000
50.130678, 0.0000
50.170881, 0.0000
50.209444, 0.0000
50.252745, 0.0000
50.293501, 0.0000
50.306728, 0.0000
50.352402, 0.0000
50.373816, 0.0000
50.416856, 0.0000
50.458145, 0.0000
50.495813, 0.0000
50.543510, 0.0000
50.581973, 0.0000
50.592292, 0.0000
50.616674, 0.0000
50.659049, 0.0000
50.699826, 0.0000
50.738731, 0.0000
50.779155, 0.0000
50.818775, 0.0000
50.834858, 0.0000
50.873663, 0.0000
50.918975, 0.0000
50.958112, 0.0000
50.966843, 0.0000
51.013634, 0.0000
51.057196, 0.0000
51.098445, 0.0000
51.138166, 0.0000
51.182865, 0.0000
51.222384, 0.0000
51.231325, 0.0000
51.271388, 0.0000
51.312707, 0.0000
51.351663, 0.0000
51.364648, 0.0000
51.387199, 0.0000
51.425692, 0.0000
51.466729, 0.0000
51.506359, 0.0000
51.519998, 0.0000
51.543726, 0.0000
51.586101, 0.0000
51.629493, 0.0000
51.668006, 0.0000
51.712292, 0.0000
51.751298, 0.0000
51.764656, 0.0000
51.786432, 0.0000
51.831443, 0.0000
51.851761, 0.0000
51.895534, 0.0000
51.917844, 0.0000
51.962030, 0.0000
52.003007, 0.0000
52.043723, 0.0000
52.090776, 0.0000
52.129882, 0.0000
52.171292, 0.0000
52.210288, 0.0000
52.225768, 0.0000
52.248590, 0.0000
52.292525, 0.0000
52.335433, 0.0000
52.375083, 0.0000
52.420054, 0.0000
52.458627, 0.0000
52.469742, 0.0000
52.490783, 0.0000
52.534255, 0.0000
52.579236, 0.0000
52.622617, 0.0000
52.647069, 0.0000
52.692362, 0.0000
52.711030, 0.0000
52.749533, 0.0000
52.795177, 0.0000
52.833670, 0.0000
52.844916, 0.0000
52.868090, 0.0000
52.909681, 0.0000
52.956281, 0.0000
52.999934, 0.0000
53.043044, 0.0000
53.085781, 0.0000
53.129283, 0.0000
53.168551, 0.0000
53.211439, 0.0000
53.252859, 0.0000
53.263561, 0.0000
53.307144, 10.9322
53.348685, 10.9322
53.387288, 10.9322
53.438254, 10.9322
53.477199, 10.9322
53.520541, 10.9322
53.558581, 10.9322
53.572713, 10.9322
53.595264, 10.9322
53.641029, 10.9322
53.662634, 10.9322
53.704738, 10.9322
53.746148, 10.9322
53.784701, 0.0000
53.835043, 0.0000
53.875598, 0.0000
53.921313, 0.0000
53.959524, 0.0000
53.968758, 0.0000
53.990775, 0.0000
54.028383, 0.0000
54.072982, 0.0000
54.113748, 0.0000
54.125224, 0.0000
54.145864, 0.0000
54.189386, 0.0000
54.212731, 0.0000
54.257441, 0.0000
54.298338, 0.0000
54.339013, 0.0000
54.385714, 0.0000
54.424318, 0.0000
54.475283, 0.0000
54.521159, 0.0000
54.564007, 0.0000
54.611130, 0.0000
54.631387, 0.0000
54.675704, 0.0000
54.717869, 0.0000
54.766420, 0.0000
54.805989, 0.0000
54.848113, 0.0000
54.891394, 0.0000
54.931597, 0.0000
54.940006, 0.0000
54.962546, 0.0000
55.008452, 0.0000
55.048454, 0.0000
55.092882, 0.0000
55.138154, 0.0000
55.179815, 0.0000
55.224082, 0.0000
55.262615, 0.0000
55.271145, 0.0000
55.293685, 0.0000
55.337690, 0.0000
55.361961, 0.0000
55.404216, 0.0000
55.448985, 0.0000
55.493533, 0.0000
55.536442, 0.0000
55.580658, 0.0000
55.623295, 0.0000
55.673204, 0.0000
55.690927, 0.0000
55.736793, 0.0000
55.780235, 0.0000
55.824592, 0.0000
55.865479, 0.0000
55.904263, 0.0000
55.946005, 0.0000
55.984850, 0.0000
56.000129, 0.0000
56.023152, 0.0000
56.067308, 0.0000
56.106716, 0.0000
56.147563, 0.0000
56.192131, 0.0000
56.232344, 0.0000
56.242855, 0.0000
56.266522, 0.0000
56.308325, 0.0000
56.331982, 0.0000
56.375242, 0.0000
56.417226, 0.0000
56.456513, 0.0000
56.499321, 0.0000
56.541355, 0.0000
56.581467, 0.0000
56.597269, 0.0000
56.619981, 0.0000
56.662245, 0.0000
56.706301, 0.0000
56.751422, 0.0000
56.792802, 0.0000
56.831627, 0.0000
56.879464, 0.0000
56.919245, 0.0000
56.962918, 0.0000
57.002457, 0.0000
57.016056, 0.0000
57.038053, 0.0000
57.082269, 0.0000
57.127240, 0.0000
57.171587, 0.0000
57.214858, 0.0000
57.259154, 0.0000
57.303441, 0.0000
57.348230, 0.0000
57.386724, 0.0000
57.428918, 0.0000
57.470921, 0.0000
57.509716, 0.0000
57.523325, 0.0000
57.545775, 0.0000
57.589981, 0.0000
57.634449, 0.0000
57.679902, 0.0000
57.700824, 0.0000
57.743571, 0.0000
57.767118, 0.0000
57.810157, 0.0000
57.856466, 0.0000
57.897383, 0.0000
57.940543, 0.0000
57.979307, 0.0000
58.023011, 0.0000
58.063626, 0.0000
58.102220, 0.0000
58.119942, 0.0000
58.142785, 0.0000
58.185935, 0.0000
58.229165, 0.0000
58.267990, 0.0000
58.311945, 0.0000
58.350921, 0.0000
58.361532, 0.0000
58.384767, 0.0000
58.427856, 0.0000
58.451403, 0.0000
58.496011, 0.0000
58.515545, 0.0000
58.560475, 0.0000
58.602700, 0.0000
58.641525, 0.0000
58.684343, 0.0000
58.734876, 0.0000
58.775360, 0.0000
58.823499, 0.0000
58.863028, 0.0000
58.910312, 0.0000
58.949157, 0.0000
58.999197, 0.0000
59.037771, 0.0000
59.090335, 0.0000
59.133546, 0.0000
59.176505, 0.0000
59.214585, 0.0000
59.258892, 0.0000
59.299779, 0.0000
59.313086, 0.0000
59.333323, 0.0000
59.379239, 0.0000
59.399406, 0.0000
59.445292, 0.0000
59.488513, 0.0000
59.531703, 0.0000
59.555048, 0.0000
59.598520, 0.0000
59.641248, 0.0000
59.680817, 0.0000
59.722911, 0.0000
59.762138, 0.0000
59.773755, 2.4011
59.796578, -1.2006
59.841770, -1.2006
59.881842, -1.2006
59.921019, -1.2006
59.963143, -1.2006
60.000982, -1.2006
60.018292, -1.2006
60.038781, -1.2006
60.084959, -1.2006
60.127294, 31.2147
60.167155, 31.2147
60.206644, 31.2147
60.246585, 31.2147
60.260657, 31.2147
60.306130, 31.2147
60.348818, 31.2147
60.393507, 31.2147
60.413794, 31.2147
60.453142, 31.2147
60.495669, 31.2147
60.533699, 31.2147
60.549078, 31.2147
60.569416, 31.2147
60.615433, 31.2147
60.636746, 31.2147
60.678991, 31.2147
60.721145, 31.2147
60.760433, -4.8023
60.804820, -4.8023
60.843746, -4.8023
60.856701, -4.8023
60.900223, -4.8023
60.939400, -4.8023
60.977893, -4.8023
60.988615, -4.8023
61.031906, 0.0000
61.074251, 0.0000
61.115551, 0.0000
61.153883, 0.0000
61.167089, 0.0000
61.187337, 0.0000
61.232911, 0.0000
61.276674, 0.0000
61.319523, 0.0000
61.362733, 0.0000
61.401669, 0.0000
61.446106, 0.0000
61.484207, 0.0000
61.495613, 0.0000
61.518747, 0.0000
61.563184, 0.0000
61.604132, 0.0000
61.643138, 0.0000
61.690160, 0.0000
61.728794, 0.0000
61.737213, 0.0000
61.777708, 0.0000
61.820777, 0.0000
61.861091, 0.0000
61.871974, 0.0000
61.894545, 0.0000
61.939324, 0.0000
61.981589, 0.0000
62.024689, 0.0000
62.068372, 0.0000
62.109098, 0.0000
62.149794, 0.0000
62.188810, 0.0000
62.230441, 0.0000
62.246977, 0.0000
62.270111, 0.0000
62.312667, 0.0000
62.353333, 0.0000
62.392550, 0.0000
62.443455, 0.0000
62.483115, 0.0000
62.523942, 0.0000
62.562555, 0.0000
62.579081, 0.0000
62.599852, 0.0000
62.643585, 0.0000
62.686061, 9.2517
62.724202, 9.2517
62.765783, 9.2517
62.805171, 9.2517
62.820259, 9.2517
62.842166, 9.2517
62.887810, 9.2517
62.931413, 9.2517
62.975679, 9.2517
62.996751, 9.2517
63.035566, 9.2517
63.077861, 9.2517
63.119674, 0.0000
63.128022, 0.0000
63.167370, 0.0000
63.211174, 0.0000
63.250411, 0.0000
63.261224, 0.0000
63.301115, 0.0000
63.346780, 0.0000
63.384347, 0.0000
63.392555, 0.0000
63.416966, 0.0000
63.460871, 0.0000
63.504433, 0.0000
63.548941, 0.0000
63.589557, 0.0000
63.628291, 0.0000
63.675987, 0.0000
63.714340, 0.0000
63.753476, 0.0000
63.770797, 0.0000
63.790913, 0.0000
63.833098, 0.0000
63.877696, 0.0000
63.916561, 0.0000
63.961200, 0.0000
64.000538, 0.0000
64.011864, 0.0000
64.056201, 0.0000
64.099341, 0.0000
64.146333, 0.0000
64.189966, 4.1560
64.232824, 4.1560
64.274465, 4.1560
64.313270, 4.1560
64.360021, 4.1560
64.398776, 4.1560
64.407396, 4.1560
64.446995, 4.1560
64.493404, 4.1560
64.533587, 4.1560
64.576536, 4.1560
64.615974, 4.1560
64.632027, 4.1560
64.675559, 4.1560
64.720047, 4.1560
64.763227, 4.1560
64.806418, 4.1560
64.851107, 5.3804
64.872692, 5.3804
64.918035, 5.3804
64.959032, 5.3804
65.000221, 5.3804
65.045030, 5.3804
65.084801, 5.3804
65.135102, 5.3804
65.173495, 5.3804
65.223977, 5.3804
65.263537, 5.3804
65.309251, 5.3804
65.348760, 5.3804
65.357441, 30.0307
65.401918, 30.0307
65.445793, 30.0307
65.485845, 30.0307
65.529447, 4.2901
65.568685, 4.2901
65.577395, 4.2901
65.617457, 4.2901
65.662871, 4.2901
65.703677, 4.2901
65.745731, 4.2901
65.785763, 4.2901
65.801856, 4.2901
65.822787, 0.0000
65.866651, 0.0000
65.888357, 0.0000
65.933790, 0.0000
65.954661, 0.0000
65.998717, 0.0000
66.042702, 0.0000
66.088728, 0.0000
66.131637, 0.0000
66.177362, 0.0000
66.221075, 0.0000
66.265754, 0.0000
66.284754, 0.0000
66.324303, 0.0000
66.368389, 0.0000
66.407958, 0.0000
66.416226, 0.0000
66.439551, 0.0000
66.482762, 0.0000
66.507002, 0.0000
66.551399, 0.0000
66.592357, 0.0000
66.631373, 0.0000
66.673648, 0.0000
66.712704, 0.0000
66.728646, 0.0000
66.749014, 0.0000
66.794126, 0.0000
66.835546, 25.8397
66.876473, 25.8397
66.920015, 25.8397
66.959263, 25.8397
66.970166, 25.8397
66.993340, 25.8397
67.037959, 25.8397
67.082074, 25.8397
67.125285, 25.8397
67.166373, 25.8397
67.204333, 25.8397
67.249987, 25.8397
67.288500, 25.8397
67.301616, 25.8397
67.322246, 25.8397
67.365969, 25.8397
67.411513, 25.8397
67.455951, 25.8397
67.497260, 0.0000
67.535381, 0.0000
67.579426, 0.0000
67.619559, 0.0000
67.630683, 0.0000
67.674990, 0.0000
67.719297, 0.0000
67.765655, 0.0000
67.806522, 0.0000
67.845478, 0.0000
67.887089, 0.0000
67.927986, 0.0000
67.940981, 0.0000
67.963623, 0.0000
68.006591, 0.0000
68.048102, 0.0000
68.087772, 0.0000
68.130912, 0.0000
68.172825, 0.0000
68.183476, 0.0000
68.226375, 0.0000
68.270239, 0.0000
68.311066, 0.0000
68.353592, 0.0000
68.391904, 0.0000
68.405000, 0.0000
68.449045, 11.3581
68.490325, 11.3581
68.528948, 11.3581
68.574130, 11.3581
68.613559, 11.3581
68.626986, 11.3581
68.646550, 11.3581
68.692053, 11.3581
68.735716, 11.3581
68.781462, 11.3581
68.800723, 11.3581
68.841027, 11.3581
68.884167, 11.3581
68.923102, 12.8656
68.935977, 12.8656
68.980123, 12.8656
69.023363, 12.8656
69.068545, 12.8656
69.087686, 12.8656
69.126340, 12.8656
69.170747, 12.8656
69.210166, 12.8656
69.223443, 12.8656
69.242755, 12.8656
69.286890, 12.8656
69.329075, 12.8656
69.367286, 25.6175
69.415667, 25.6175
69.456111, 18.9347
69.504109, 18.9347
69.542290, 18.9347
69.552972, 18.9347
69.597470, 18.9347
69.641787, 18.9347
69.684414, 18.9347
69.728348, 18.9347
69.772675, 18.9347
69.817837, 18.9347
69.862033, 18.9347
69.907396, 18.9347
69.950093, 18.9347
69.991704, 18.9347
70.031143, 18.9347
70.078950, 0.0000
70.118751, 0.0000
70.163772, 0.0000
70.202808, 0.0000
70.213801, 0.0000
70.259054, 0.0000
70.297838, 0.0000
70.337740, 0.0000
70.383113, 0.0000
70.424643, 0.0000
70.435395, 0.0000
70.480778, 0.0000
70.501136, 0.0000
70.546137, 0.0000
70.589579, 0.0000
70.634238, 0.0000
70.680114, 0.0000
70.722388, 0.0000
70.761606, 0.0000
70.803780, 0.0000
70.849917, 0.0000
70.889527, 0.0000
70.928875, 0.0000
70.942082, 0.0000
70.985443, 0.0000
71.024348, 0.0000
71.068051, 0.0000
71.108617, 0.0000
71.119842, 0.0000
71.141246, 0.0000
71.187614, 0.0000
71.208847, 0.0000
71.251585, 0.0000
71.295208, 0.0000
71.338720, 0.0000
71.381940, 0.0000
71.421268, 0.0000
71.462175, 0.0000
71.501604, 0.0000
71.518160, 0.0000
71.538638, 0.0000
71.582402, 0.0000
71.629203, 0.0000
71.671619, 0.0000
71.712697, 0.0000
71.751733, 0.0000
71.795859, 0.0000
71.833950, 0.0000
71.855454, 0.0000
71.868972, 0.0000
71.909387, 0.0000
71.956087, 0.0000
71.994490, 0.0000
72.038786, 0.0000
72.078658, 0.0000
72.089561, 0.0000
72.112685, 0.0000
72.158379, 0.0000
72.200081, 0.0000
72.245434, 0.0000
72.288302, 0.0000
72.329069, 0.0000
72.370106, 0.0000
72.409867, 0.0000
72.423164, 0.0000
72.443119, 0.0000
72.482809, 0.0000
72.523113, 0.0000
72.561475, 0.0000
72.576613, 0.0000
72.597585, 0.0000
72.643219, 0.0000
72.685363, 0.0000
72.724792, 0.0000
72.769380, 0.0000
72.809975, 0.0000
72.853628, 0.0000
72.895219, 0.0000
72.907621, 3.4833
72.952903, 3.4833
72.972406, 3.4833
73.016904, 3.4833
73.059129, 3.4833
73.107218, 3.4833
73.129255, 3.4833
73.173371, 3.4833
73.214047, 3.4833
73.253717, 3.4833
73.298918, 3.4833
73.338166, 3.4833
73.347138, 0.5614
73.392712, 0.5614
73.413895, 0.5614
73.459398, 0.5614
73.502196, 0.5614
73.546624, 0.5614
73.589412, 0.5614
73.628790, 0.5614
73.676778, 0.5614
73.723851, 0.5614
73.745386, 0.5614
73.788737, 0.5614
73.831142, 6.0995
73.870752, 6.0995
73.915481, 6.0995
73.956318, 6.0995
73.966447, 6.0995
73.989168, 6.0995
74.033344, 6.0995
74.073607, 6.0995
74.114937, 6.0995
74.156266, 6.0995
74.197385, -2.5716
74.211044, -2.5716
74.254476, 0.0000
74.294638, 0.0000
74.336199, 0.0000
74.381481, 0.0000
74.422006, 0.0000
74.466554, 0.0000
74.509393, 0.0000
74.556677, 0.0000
74.597785, 0.0000
74.644516, 0.0000
74.687927, 0.0000
74.733904, 0.0000
74.775454, 0.0000
74.824770, 0.0000
74.863374, 0.0000
74.903114, 0.0000
74.942824, 0.0000
74.961573, 0.0000
75.003536, 0.0000
75.047380, 0.0000
75.087744, 0.0000
75.132202, 0.0000
75.171459, 0.0000
75.223159, 0.0000
75.261581, 0.0000
75.308875, 0.0000
75.349088, 20.6511
75.392590, 20.6511
75.431657, 14.4558
75.444904, 14.4558
75.469768, 14.4558
75.512023, 14.4558
75.554579, 14.4558
75.593143, 14.4558
75.641513, 14.4558
75.679473, 14.4558
75.729905, 14.4558
75.768650, 14.4558
75.810683, 14.4558
75.849820, 14.4558
75.864988, 14.4558
75.886643, 14.4558
75.932509, 24.6599
75.952927, 24.6599
75.996560, 24.6599
76.041702, 24.6599
76.087346, 24.6599
76.128404, 24.6599
76.171051, 24.6599
76.215931, 24.6599
76.255732, 24.6599
76.299848, 24.6599
76.339870, 24.6599
76.350833, 24.6599
76.393933, 24.6599
76.432607, 24.6599
76.473273, 24.6599
76.512580, 24.6599
76.528613, 24.6599
76.548981, 24.6599
76.595591, 24.6599
76.616130, 0.0000
76.659864, 0.0000
76.681962, 0.0000
76.726731, 0.0000
76.767296, 0.0000
76.806825, 0.0000
76.854190, 0.0000
76.893307, 0.0000
76.944161, 0.0000
76.984404, 0.0000
77.028681, 0.0000
77.067446, 0.0000
77.080552, 0.0000
77.123350, 0.0000
77.164236, 0.0000
77.208654, 0.0000
77.252790, 0.0000
77.291313, 0.0000
77.333980, 0.0000
77.373942, 0.0000
77.387410, 0.0000
77.409407, 0.0000
77.449399, 0.0000
77.492981, 0.0000
77.531434, 0.0000
77.544409, 0.0000
77.564254, 0.0000
77.606710, 0.0000
77.648352, 0.0000
77.687911, 0.0000
77.738011, 0.0000
77.777078, 0.0000
77.819996, 0.0000
77.859495, 0.0000
77.875528, 0.0000
77.895826, 0.0000
77.939941, 0.0000
77.980929, 0.0000
78.019804, 0.0000
78.063729, 0.0000
78.103399, 0.0000
78.116756, 0.0000
78.139739, 0.0000
78.183563, 0.0000
78.205963, 0.0000
78.249314, 0.0000
78.291368, 0.0000
78.329660, 0.0000
78.375757, 0.0000
78.416332, 0.0000
78.464159, 0.0000
78.502863, 0.0000
78.511312, 0.0000
78.551364, 0.0000
78.595058, 0.0000
78.634335, 0.0000
78.647622, 0.0000
78.667407, 0.0000
78.711593, 0.0000
78.753365, 0.0000
78.792331, 0.0000
78.837060, 0.0000
78.878007, 0.0000
78.890288, 0.0000
78.910576, 0.0000
78.954520, 0.0000
78.997550, 0.0000
79.036898, 0.0000
79.078388, 0.0000
79.117847, -3.1390
79.131164, -3.1390
79.174737, -3.1390
79.218812, -3.1390
79.263430, -3.1390
79.305816, -3.1390
79.344520, -3.1390
79.393363, -3.1390
79.431806, 7.9507
79.479070, 7.9507
79.517110, 7.9507
79.529794, 7.9507
79.572461, 7.9507
79.614646, 7.9507
79.655905, 7.9507
79.688926, 7.9507
79.729401, 7.9507
79.748310, 7.9507
79.771042, 7.9507
79.815902, 7.9507
79.857010, 7.9507
79.895553, 0.3107
79.937466, 0.3107
79.977247, 0.3107
79.992073, 0.3107
80.014462, 0.3107
80.059805, 0.3107
80.080636, 0.3107
80.124570, 0.3107
80.170758, 0.3107
80.214823, 0.3107
80.256797, 0.3107
80.302170, 0.3107
80.323040, 0.3107
80.366472, 0.3107
80.407148, 0.3107
80.446979, 0.3107
80.497843, 0.3107
80.536316, 28.3400
80.578239, 28.3400
80.616813, 28.3400
80.633791, 28.3400
80.678038, 28.3400
80.718341, 28.3400
80.757528, 28.3400
80.806281, 28.3400
80.845015, 28.3400
80.892792, 28.3400
80.931637, 28.3400
80.939825, 28.3400
80.986958, 28.3400
81.029373, -13.9428
81.072644, -13.9428
81.112324, -13.9428
81.152527, -13.9428
81.192277, -13.9428
81.231475, 0.0000
81.250223, 0.0000
81.272120, 0.0000
81.316749, 0.0000
81.356439, 0.0000
81.396370, 0.0000
81.439862, 0.0000
81.479954, 0.0000
81.494670, 0.0000
81.515168, 0.0000
81.559656, 0.0000
81.602766, 0.0000
81.645001, 0.0000
81.687769, 0.0000
81.727579, 0.0000
81.772872, 0.0000
81.812119, 0.0000
81.823505, 0.0000
81.846005, 0.0000
81.890544, 0.0000
81.934186, 0.0000
81.978825, 0.0000
82.000732, 0.0000
82.044425, 0.0000
82.091086, 0.0000
82.132616, 0.0000
82.173332, 0.0000
82.212147, 0.0000
82.262640, 0.0000
82.303436, 0.0000
82.347823, 21.1920
82.386528, 21.1920
82.399342, 21.1920
82.420293, 21.1920
82.465998, 21.1920
82.486909, 21.1920
82.531568, 21.1920
82.575402, 21.1920
82.618180, 21.1920
82.662265, 21.1920
82.708222, -5.9524
82.749662, -5.9524
82.789493, -5.9524
82.828599, -5.9524
82.839422, -5.9524
82.884413, -5.9524
82.924324, -5.9524
82.965503, 0.0000
83.010745, 0.0000
83.049791, 0.0000
83.058009, 0.0000
83.096823, 0.0000
83.140939, 0.0000
83.180227, 0.0000
83.191281, 0.0000
83.216185, 0.0000
83.261015, 0.0000
83.282892, 0.0000
83.326404, 0.0000
83.366406, 0.0000
83.405744, 0.0000
83.450302, 0.0000
83.488905, 0.0000
83.527841, 0.0000
83.546006, 0.0000
83.569824, 0.0000
83.612059, 0.0000
83.653348, 0.0000
83.692606, 0.0000
83.735826, 0.0000
83.775567, 0.0000
83.788441, 0.0000
83.834065, 0.0000
83.877065, 0.0000
83.920828, 0.0000
83.965467, 0.0000
84.010971, 0.0000
84.051767, 0.0000
84.093780, 0.0000
84.139636, 0.0000
84.179769, 0.0000
84.222355, 0.0000
84.261160, 0.0000
84.273884, 0.0000
84.298185, 0.0000
84.341526, 0.0000
84.361904, 0.0000
84.406503, 0.0000
84.449803, 0.0000
84.488286, 0.0000
84.531326, 0.0000
84.569970, 0.0000
84.582875, 0.0000
84.628740, 0.0000
84.670140, 0.0000
84.709458, 0.0000
84.755917, 0.0000
84.795004, 0.0000
84.847387, 0.0000
84.887942, 0.0000
84.926647, 0.0000
84.965441, 0.0000
84.981816, 0.0000
85.026505, 0.0000
85.069273, 0.0000
85.114395, 0.0000
85.154960, 0.0000
85.193010, 0.0000
85.236230, 0.0000
85.275257, 0.0000
85.290425, 0.0000
85.312784, 0.0000
85.357704, 0.0000
85.398239, 0.0000
85.439549, 0.0000
85.487054, 0.0000
85.526271, 0.0000
85.572248, 0.0000
85.610529, 0.0000
85.620819, 0.0000
85.643309, 0.0000
85.687495, 0.0000
85.732536, 0.0000
85.776320, 0.0000
85.817609, 0.0000
85.856967, 0.0000
85.903004, 0.0000
85.942815, 0.0000
85.997039, 0.0000
86.040390, 0.0000
86.081267, 0.0000
86.120163, 0.0000
86.162186, 0.0000
86.201926, 0.0000
86.217798, 0.0000
86.237724, 0.0000
86.282735, 0.0000
86.328842, 0.0000
86.370926, 0.0000
86.392863, 0.0000
86.437441, 0.0000
86.479947, 0.0000
86.520794, 0.0000
86.561902, 0.0000
86.600808, 0.0000
86.614879, 0.0000
86.657396, 0.0000
86.700526, 0.0000
86.739139, 0.0000
86.783215, 0.0000
86.824373, 0.0000
86.832611, 0.0000
86.871335, 0.0000
86.915984, 0.0000
86.956509, 0.0000
86.967040, 0.0000
86.990405, 0.0000
87.033133, 0.0000
87.078808, 0.0000
87.120680, 0.0000
87.162472, 0.0000
87.201106, 0.0000
87.245121, 0.0000
87.284590, 0.0000
87.298038, 0.0000
87.321363, 0.0000
87.364302, 0.0000
87.407864, 0.0000
87.451386, 0.0000
87.495110, 0.0000
87.533412, 0.0000
87.578201, 0.0000
87.616423, 0.0000
87.627527, 0.0000
87.667680, 0.0000
87.711584, 0.0000
87.752793, 0.0000
87.807611, 0.0000
87.849443, 0.0000
87.895490, 0.0000
87.938067, 0.0000
87.960728, 0.0000
88.003626, 0.0000
88.027324, 0.0000
88.071862, 0.0000
88.111029, 0.0000
88.149974, 0.0000
88.195146, 0.0000
88.234193, 0.0000
88.248676, 0.0000
88.269155, 0.0000
88.314669, 0.0000
88.354862, 0.0000
88.393546, 0.0000
88.502668, 0.0000
88.565321, 0.0000
88.614486, 0.0000
88.656087, 0.0000
88.664224, 0.0000
88.689239, 0.0000
88.734411, 0.0000
88.756207, 0.0000
88.799941, 0.0000
88.820641, 0.0000
88.865400, 0.0000
88.908490, 0.0000
88.954537, 0.0000
88.998874, 0.0000
89.042939, 0.0000
89.063076, 0.0000
89.107543, 0.0000
89.149426, 0.0000
89.189941, 0.0000
89.233010, 0.0000
89.274913, 0.0000
89.283050, 0.0000
89.328725, 0.0000
89.374279, 0.0000
89.416634, 0.0000
89.458457, 0.0000
89.497895, 0.0000
89.539707, 0.0000
89.578583, 0.0000
89.591870, 0.0000
89.616543, 0.0000
89.659220, 0.0000
89.700640, 0.0000
89.741969, 0.0000
89.784788, 0.0000
89.824830, 0.0000
89.837573, 0.0000
89.857187, 0.0000
89.894755, 0.0000
89.939283, 0.0000
89.977675, 0.0000
89.990550, 0.0000
90.012829, 0.0000
90.055315, 0.0000
90.100256, 0.0000
90.140941, 0.0000
90.184101, 0.0000
90.224737, 0.0000
90.274898, 0.0000
90.314195, 0.0000
90.355193, 0.0000
90.366106, 0.0000
90.389451, 0.0000
90.434241, 0.0000
90.455866, 0.0000
90.499761, 0.0000
90.540989, 0.0000
90.583254, 0.0000
90.627913, 0.0000
90.666537, 0.0000
90.707675, 0.0000
90.720872, 0.0000
90.741371, 0.0000
90.784128, 0.0000
90.827872, 0.0000
90.867260, 0.0000
90.911728, 0.0000
90.951810, 0.0000
90.961245, 0.0000
91.007613, 0.0000
91.049566, 0.0000
91.094497, 0.0000
91.137043, 0.0000
91.175355, 0.0000
91.222358, 0.0000
91.261635, 0.0000
91.270356, 0.0000
91.293812, 0.0000
91.336610, 0.0000
91.358135, 0.0000
91.402904, 0.0000
91.444585, 0.0000
91.483913, 0.0000
91.532998, 0.0000
91.574267, 0.0000
91.620535, 0.0000
91.658968, 0.0000
91.708998, 0.0000
91.747712, 0.0000
91.790178, 0.0000
91.828963, 0.0000
91.844473, 0.0000
91.867456, 0.0000
91.911431, 0.0000
91.956653, 0.0000
91.998324, 0.0000
92.040187, 0.0000
92.080209, 0.0000
92.121971, 0.0000
92.164879, -6.6941
92.175018, -6.6941
92.196935, -6.6941
92.242006, -6.6941
92.285458, -6.6941
92.330660, -6.6941
92.374645, -6.6941
92.419998, 15.6385
92.441130, 15.6385
92.486473, 15.6385
92.505664, 15.6385
92.551349, 15.6385
92.593312, 15.6385
92.632087, 15.6385
92.678325, 15.6385
92.720589, 15.6385
92.763045, 15.6385
92.802635, 15.6385
92.813880, 15.6385
92.860168, 15.6385
92.905893, 15.6385
92.926493, 15.6385
92.971966, -3.5384
93.012692, -3.5384
93.058105, -3.5384
93.101658, -3.5384
93.140503, -3.5384
93.178754, -3.5384
93.189486, -3.5384
93.212540, -3.5384
93.257440, 0.0000
93.300993, 0.0000
93.344867, 0.0000
93.387957, 0.0000
93.427154, 0.0000
93.471863, 0.0000
93.511492, 0.0000
93.519851, 0.0000
93.565505, 0.0000
93.609883, 0.0000
93.654079, 0.0000
93.692944, 0.0000
93.739343, 0.0000
93.778560, 0.0000
93.825039, 0.0000
93.865091, 0.0000
93.876306, 0.0000
93.896483, 0.0000
93.942892, 0.0000
93.985016, 0.0000
94.030610, 0.0000
94.052065, 0.0000
94.096452, 0.0000
94.137460, 0.0000
94.181485, 0.0000
94.223146, 0.0000
94.264264, 0.0000
94.305503, 0.0000
94.344771, 0.0000
94.360442, 0.0000
94.406549, 0.0000
94.427028, 0.0000
94.470268, 0.0000
94.515148, 0.0000
94.559173, 0.0000
94.603369, 0.0000
94.648722, 0.0000
94.689076, 0.0000
94.736933, 0.0000
94.758408, 0.0000
94.802745, 0.0000
94.844044, 0.0000
94.892113, 0.0000
94.913275, 0.0000
94.956224, 0.0000
94.998449, 0.0000
95.037404, 0.0000
95.081148, 0.0000
95.120385, 0.0000
95.133451, 0.0000
95.179608, 0.0000
95.218926, 0.0000
95.258475, 0.0000
95.305961, 0.0000
95.344715, 0.0000
95.387664, 0.0000
95.427042, 0.0000
95.442441, 0.0000
95.466129, 0.0000
95.508545, 0.0000
95.552368, 0.0000
95.596062, 0.0000
95.639041, 0.0000
95.677705, 0.0000
95.718340, 0.0000
95.758724, 0.0000
95.772826, 0.0000
95.796392, 0.0000
95.839341, 0.0000
95.883356, 0.0000
95.929132, 0.0000
95.972855, 0.0000
96.017202, 0.0000
96.057606, 0.0000
96.097638, 0.0000
96.141754, 0.0000
96.182057, 0.0000
96.192900, 0.0000
96.214787, 0.0000
96.259285, 0.0000
96.302505, 0.0000
96.346329, 0.0000
96.390465, 0.0000
96.430437, 0.0000
96.474462, 0.0000
96.515379, 0.0000
96.559796, 0.0000
96.598531, 0.0000
96.611717, 0.0000
96.656708, 0.0000
96.678011, 0.0000
96.722630, 0.0000
96.763577, 0.0000
96.803478, 0.0000
96.845089, 0.0000
96.884809, 0.0000
96.900661, 0.0000
96.922629, 0.0000
96.966955, 0.0000
97.010769, 0.0000
97.053095, 0.0000
97.094836, 0.0000
97.134074, 0.0000
97.176912, 0.0000
97.216964, 0.0000
97.230020, 0.0000
97.275755, 0.0000
97.296425, 0.0000
97.341958, 0.0000
97.361834, 0.0000
97.406844, 0.0000
97.448556, 0.0000
97.489513, 0.0000
97.529606, 0.0000
97.568843, 0.0000
97.584142, 0.0000
97.626487, 0.0000
97.669084, 0.0000
97.715503, 0.0000
97.756913, 0.0000
97.804559, 0.0000
97.825168, 0.0000
97.869988, 0.0000
97.893404, 0.0000
97.935327, 0.0000
97.977441, 0.0000
98.022411, 0.0000
98.046722, 0.0000
98.090214, 0.0000
98.130518, 0.0000
98.169785, 0.0000
98.178174, 0.0000
98.224492, 0.0000
98.246731, 0.0000
98.289509, 0.0000
98.331382, 0.0000
98.371152, 0.0000
98.414342, 0.0000
98.453942, 0.0000
98.467169, 0.0000
98.487607, 0.0000
98.532678, 0.0000
98.554656, 0.0000
98.598600, 0.0000
98.641841, 0.0000
98.682919, 0.0000
98.724550, 0.0000
98.765698, 0.0000
98.816191, 0.0000
98.855891, 0.0000
98.903507, 0.0000
98.943006, 0.0000
98.988872, 0.0000
99.028863, 0.0000
99.039736, 0.0000
99.062518, 0.0000
99.105568, 0.0000
99.148738, 0.0000
99.187835, 0.0000
99.231990, 0.0000
99.272053, 0.0000
99.282926, 0.0000
99.328419, 0.0000
99.372756, 0.0000
99.414176, 0.0000
99.456692, 0.0000
99.495467, 0.0000
99.538647, 0.0000
99.578518, 0.0000
99.592067, 0.0000
99.613240, 0.0000
99.658492, 0.0000
99.679966, 0.0000
99.723529, 0.0000
99.767594, 0.0000
99.812665, 0.0000
99.854105, 0.0000
99.894097, 0.0000
99.934904, 0.0000
99.974513, 0.0000
99.990234, 0.0000
100.010713, 0.0000
100.055543, 0.0000
100.098763, 0.0000
100.142899, 0.0000
100.186129, 0.0000
100.225357, 0.0000
100.268195, 0.0000
100.308770, 0.0000
100.320558, 0.0000
100.341459, 0.0000
100.385324, 0.0000
100.426935, 0.0000
100.468043, 0.0000
100.513074, 19.8767
100.552975, 19.8767
100.563667, 19.8767
100.584206, 19.8767
100.629478, 19.8767
100.670275, 19.8767
100.711292, 19.8767
100.757098, 19.8767
100.798498, 19.8767
100.841849, 19.8767
100.881810, 19.8767
100.895218, 19.8767
100.915174, 19.8767
100.960607, 19.8767
101.002792, 19.8767
101.048285, 19.8767
101.091465, 47.4976
101.136355, 47.4976
101.180099, 47.4976
101.218833, 47.4976
101.261863, 47.4976
101.300346, 47.4976
101.312919, 47.4976
101.335439, 47.4976
101.380138, 47.4976
101.421689, 47.4976
101.465402, 47.4976
101.508411, 47.4976
101.549228, 47.4976
101.591895, 47.4976
101.633365, 47.4976
101.644399, 47.4976
101.664959, 0.0000
101.708290, 0.0000
101.751570, 1.8245
101.792890, 1.8245
101.838514, 1.8245
101.879260, 1.8245
101.921807, 1.8245
101.961688, 1.8245
101.975840, 1.8245
101.996872, 1.8245
102.041893, 1.8245
102.085827, 1.8245
102.130245, 1.8245
102.153278, 1.8245
102.196177, 1.8245
102.216927, 1.8245
102.262038, 1.8245
102.304193, 1.8245
102.344305, 1.8245
102.386490, 1.8245
102.426833, 0.9452
102.440653, 0.9452
102.482948, 0.9452
102.505801, 0.9452
102.553286, 0.9452
102.570415, 0.9452
102.593328, 0.9452
102.637615, 0.9452
102.680443, 0.9452
102.725524, 0.9452
102.767839, 0.9452
102.807378, 0.9452
102.851655, 0.9452
102.896143, 0.9452
102.939263, 0.9452
102.979254, 0.4543
102.988136, 0.4543
103.010495, 0.4543
103.051252, 0.4543
103.094935, 0.4543
103.134846, 0.4543
103.143395, 0.4543
103.166872, 0.4543
103.212677, 0.4543
103.234423, 0.4543
103.277342, 0.4543
103.299359, 0.4543
103.345185, 0.4543
103.386313, 0.0000
103.426003, 0.0000
103.468982, 0.0000
103.508380, 0.0000
103.519253, 0.0000
103.541824, 0.0000
103.585698, 0.0000
103.628597, 0.0000
103.667533, 0.0000
103.711165, 0.0000
103.752988, 0.0000
103.762000, 0.0000
103.784973, 0.0000
103.830859, 0.0000
103.850392, 0.0000
103.894961, 0.0000
103.936934, 0.0000
103.975537, 0.0000
104.018929, 0.0000
104.060781, 0.0000
104.071343, 0.0000
104.115136, 0.0000
104.160831, 0.0000
104.201416, 0.0000
104.245059, 0.0000
104.356988, -0.9563
104.427325, -0.9563
104.448931, -0.9563
104.469500, -0.9563
104.514128, -0.9563
104.556977, -0.9563
104.600620, -0.9563
104.645007, -0.9563
104.689655, -0.9563
104.711130, 0.0000
104.755738, 0.0000
104.799975, 0.0000
104.846404, 0.0000
104.868230, 0.0000
104.910867, 0.0000
104.933941, 0.0000
104.976347, 0.0000
105.018913, 0.0000
105.059096, 0.0000
105.100587, 0.0000
105.140578, 0.0000
105.153614, 0.0000
105.197186, 0.0000
105.242962, 0.0000
105.285518, 0.0000
105.330127, 0.0000
105.373076, 0.0000
105.396099, 0.0000
105.440114, 0.0000
105.482349, 0.0000
105.521777, 0.0000
105.563660, 0.0000
105.607172, 0.0000
105.615943, 0.0000
105.638735, 0.0000
105.683253, 0.0000
105.726343, 0.0000
105.771786, 0.0000
105.810883, 0.0000
105.859394, 0.0000
105.900934, 0.0000
105.944959, 0.0000
105.987677, 0.0000
